Município;Assistência_Médica;Excl._Odontológico;Total
110001 Alta Floresta D'Oeste;10348;1313;11661
110037 Alto Alegre dos Parecis;27;2;29
110040 Alto Paraíso;148;14;162
110034 Alvorada D'Oeste;208;8;216
110002 Ariquemes;4606;214;4820
110045 Buritis;288;37;325
110003 Cabixi;116;7;123
110060 Cacaulândia;82;4;86
110004 Cacoal;3796;289;4085
110070 Campo Novo de Rondônia;31;3;34
110080 Candeias do Jamari;307;56;363
110090 Castanheiras;10;0;10
110005 Cerejeiras;510;13;523
110092 Chupinguaia;40;2;42
110006 Colorado do Oeste;617;9;626
110007 Corumbiara;38;1;39
110008 Costa Marques;189;7;196
110094 Cujubim;121;19;140
110009 Espigão D'Oeste;533;15;548
110100 Governador Jorge Teixeira;18;0;18
110010 Guajará-Mirim;2256;67;2323
110110 Itapuã do Oeste;587;1;588
110011 Jaru;1164;68;1232
110012 Ji-Paraná;7753;755;8508
110013 Machadinho D'Oeste;375;40;415
110120 Ministro Andreazza;22;5;27
110130 Mirante da Serra;166;6;172
110140 Monte Negro;81;12;93
110014 Nova Brasilândia D'Oeste;106;0;106
110033 Nova Mamoré;129;13;142
110143 Nova União;14;5;19
110050 Novo Horizonte do Oeste;29;11;40
110015 Ouro Preto do Oeste;1639;123;1762
110145 Parecis;18;0;18
110018 Pimenta Bueno;1429;182;1611
110146 Pimenteiras do Oeste;7;2;9
110020 Porto Velho;64182;9540;73722
110025 Presidente Médici;475;20;495
110147 Primavera de Rondônia;7;0;7
110026 Rio Crespo;15;0;15
110028 Rolim de Moura;927;244;1171
110029 Santa Luzia D'Oeste;78;28;106
110148 São Felipe D'Oeste;23;1;24
110149 São Francisco do Guaporé;43;0;43
110032 São Miguel do Guaporé;187;46;233
110150 Seringueiras;79;8;87
110155 Teixeirópolis;17;0;17
110160 Theobroma;29;3;32
110170 Urupá;154;21;175
110175 Vale do Anari;47;2;49
110180 Vale do Paraíso;29;4;33
110030 Vilhena;6196;432;6628
110000 Município ignorado - RO;351;94;445
120001 Acrelândia;116;9;125
120005 Assis Brasil;50;1;51
120010 Brasiléia;219;16;235
120013 Bujari;47;16;63
120017 Capixaba;18;0;18
120020 Cruzeiro do Sul;926;68;994
120025 Epitaciolândia;86;5;91
120030 Feijó;162;18;180
120032 Jordão;3268;1;3269
120033 Mâncio Lima;38;3;41
120034 Manoel Urbano;21;1;22
120035 Marechal Thaumaturgo;12;0;12
120038 Plácido de Castro;94;8;102
120080 Porto Acre;31;13;44
120039 Porto Walter;15;0;15
120040 Rio Branco;36117;3991;40108
120042 Rodrigues Alves;12;0;12
120043 Santa Rosa do Purus;4;0;4
120050 Sena Madureira;295;17;312
120045 Senador Guiomard;198;19;217
120060 Tarauacá;222;39;261
120070 Xapuri;134;17;151
120000 Município ignorado - AC;448;923;1371
130002 Alvarães;269;62;331
130006 Amaturá;4;1;5
130008 Anamã;69;0;69
130010 Anori;241;8;249
130014 Apuí;97;24;121
130020 Atalaia do Norte;27;4;31
130030 Autazes;59;7;66
130040 Barcelos;76;13;89
130050 Barreirinha;23;10;33
130060 Benjamin Constant;170;18;188
130063 Beruri;24;3;27
130068 Boa Vista do Ramos;14;0;14
130070 Boca do Acre;238;28;266
130080 Borba;136;16;152
130083 Caapiranga;28;16;44
130090 Canutama;38;8;46
130100 Carauari;1328;62;1390
130110 Careiro;69;10;79
130115 Careiro da Várzea;14;4;18
130120 Coari;3801;881;4682
130130 Codajás;406;16;422
130140 Eirunepé;188;13;201
130150 Envira;25;7;32
130160 Fonte Boa;38;18;56
130165 Guajará;13;2;15
130170 Humaitá;602;23;625
130180 Ipixuna;29;2;31
130185 Iranduba;156;15;171
130190 Itacoatiara;1974;88;2062
130195 Itamarati;13;6;19
130200 Itapiranga;23;3;26
130210 Japurá;12;0;12
130220 Juruá;12;3;15
130230 Jutaí;46;7;53
130240 Lábrea;175;22;197
130250 Manacapuru;2571;2031;4602
130255 Manaquiri;6;5;11
130260 Manaus;372015;209096;581111
130270 Manicoré;187;28;215
130280 Maraã;22;0;22
130290 Maués;336;55;391
130300 Nhamundá;44;24;68
130310 Nova Olinda do Norte;68;21;89
130320 Novo Airão;89;10;99
130330 Novo Aripuanã;62;10;72
130340 Parintins;742;64;806
130350 Pauini;27;0;27
130353 Presidente Figueiredo;254;123;377
130356 Rio Preto da Eva;124;10;134
130360 Santa Isabel do Rio Negro;18;2;20
130370 Santo Antônio do Içá;72;14;86
130380 São Gabriel da Cachoeira;259;44;303
130390 São Paulo de Olivença;182;48;230
130395 São Sebastião do Uatumã;14;3;17
130400 Silves;25;0;25
130406 Tabatinga;313;32;345
130410 Tapauá;32;3;35
130420 Tefé;970;181;1151
130423 Tonantins;29;1;30
130426 Uarini;49;7;56
130430 Urucará;32;10;42
130440 Urucurituba;25;0;25
130000 Município ignorado - AM;2347;226;2573
140005 Alto Alegre;34;5;39
140002 Amajari;20;0;20
140010 Boa Vista;22208;1711;23919
140015 Bonfim;24;5;29
140017 Cantá;51;8;59
140020 Caracaraí;152;25;177
140023 Caroebe;8;1;9
140028 Iracema;22;4;26
140030 Mucajaí;82;5;87
140040 Normandia;16;9;25
140045 Pacaraima;46;8;54
140047 Rorainópolis;83;9;92
140050 São João da Baliza;51;0;51
140060 São Luiz;55;35;90
140000 Município ignorado - RR;35;40;75
150010 Abaetetuba;5216;3112;8328
150013 Abel Figueiredo;77;21;98
150020 Acará;133;20;153
150030 Afuá;62;7;69
150034 Água Azul do Norte;24;3;27
150040 Alenquer;432;26;458
150050 Almeirim;1831;135;1966
150060 Altamira;3277;820;4097
150070 Anajás;49;7;56
150080 Ananindeua;69486;14695;84181
150085 Anapu;8;0;8
150090 Augusto Corrêa;86;4;90
150095 Aurora do Pará;39;4;43
150100 Aveiro;64;9;73
150110 Bagre;53;52;105
150120 Baião;108;23;131
150125 Bannach;9;4;13
150130 Barcarena;12792;2284;15076
150140 Belém;389341;94337;483678
150145 Belterra;107;6;113
150150 Benevides;2679;582;3261
150157 Bom Jesus do Tocantins;88;1;89
150160 Bonito;42;14;56
150170 Bragança;1694;212;1906
150172 Brasil Novo;89;10;99
150175 Brejo Grande do Araguaia;15;4;19
150178 Breu Branco;1103;823;1926
150180 Breves;851;109;960
150190 Bujaru;78;27;105
150200 Cachoeira do Arari;61;14;75
150195 Cachoeira do Piriá;12;1;13
150210 Cametá;867;83;950
150215 Canaã dos Carajás;3792;78;3870
150220 Capanema;3675;656;4331
150230 Capitão Poço;491;50;541
150240 Castanhal;10142;1380;11522
150250 Chaves;37;4;41
150260 Colares;41;8;49
150270 Conceição do Araguaia;1869;301;2170
150275 Concórdia do Pará;188;14;202
150276 Cumaru do Norte;11;0;11
150277 Curionópolis;428;22;450
150280 Curralinho;227;0;227
150285 Curuá;8;0;8
150290 Curuçá;153;23;176
150293 Dom Eliseu;1379;46;1425
150295 Eldorado dos Carajás;85;11;96
150300 Faro;35;0;35
150304 Floresta do Araguaia;151;3;154
150307 Garrafão do Norte;33;1;34
150309 Goianésia do Pará;98;9;107
150310 Gurupá;66;8;74
150320 Igarapé-Açu;394;33;427
150330 Igarapé-Miri;344;62;406
150340 Inhangapi;20;1;21
150345 Ipixuna do Pará;227;10;237
150350 Irituia;141;37;178
150360 Itaituba;1437;245;1682
150370 Itupiranga;166;38;204
150375 Jacareacanga;39;6;45
150380 Jacundá;281;44;325
150390 Juruti;278;286;564
150400 Limoeiro do Ajuru;33;4;37
150405 Mãe do Rio;412;52;464
150410 Magalhães Barata;27;3;30
150420 Marabá;24892;4480;29372
150430 Maracanã;81;27;108
150440 Marapanim;152;24;176
150442 Marituba;3715;1064;4779
150445 Medicilândia;92;0;92
150450 Melgaço;25;8;33
150460 Mocajuba;113;9;122
150470 Moju;542;62;604
150480 Monte Alegre;563;37;600
150490 Muaná;143;9;152
150495 Nova Esperança do Piriá;10;5;15
150497 Nova Ipixuna;29;31;60
150500 Nova Timboteua;118;9;127
150503 Novo Progresso;99;6;105
150506 Novo Repartimento;104;9;113
150510 Óbidos;473;36;509
150520 Oeiras do Pará;61;6;67
150530 Oriximiná;7414;147;7561
150540 Ourém;116;16;132
150543 Ourilândia do Norte;7070;35;7105
150548 Pacajá;60;13;73
150549 Palestina do Pará;39;1;40
150550 Paragominas;7873;669;8542
150553 Parauapebas;48783;2863;51646
150555 Pau D'Arco;5;0;5
150560 Peixe-Boi;45;10;55
150563 Piçarra;2;8;10
150565 Placas;4;12;16
150570 Ponta de Pedras;118;10;128
150580 Portel;188;12;200
150590 Porto de Moz;51;4;55
150600 Prainha;29;6;35
150610 Primavera;89;59;148
150611 Quatipuru;49;17;66
150613 Redenção;3789;255;4044
150616 Rio Maria;431;13;444
150618 Rondon do Pará;1036;139;1175
150619 Rurópolis;165;49;214
150620 Salinópolis;451;44;495
150630 Salvaterra;127;25;152
150635 Santa Bárbara do Pará;245;32;277
150640 Santa Cruz do Arari;23;3;26
150650 Santa Isabel do Pará;1623;366;1989
150655 Santa Luzia do Pará;55;6;61
150658 Santa Maria das Barreiras;56;10;66
150660 Santa Maria do Pará;255;28;283
150670 Santana do Araguaia;857;51;908
150680 Santarém;17025;1942;18967
150690 Santarém Novo;19;10;29
150700 Santo Antônio do Tauá;267;40;307
150710 São Caetano de Odivelas;66;4;70
150715 São Domingos do Araguaia;112;8;120
150720 São Domingos do Capim;95;13;108
150730 São Félix do Xingu;151;18;169
150740 São Francisco do Pará;115;3;118
150745 São Geraldo do Araguaia;115;26;141
150746 São João da Ponta;8;1;9
150747 São João de Pirabas;63;10;73
150750 São João do Araguaia;41;7;48
150760 São Miguel do Guamá;552;56;608
150770 São Sebastião da Boa Vista;26;0;26
150775 Sapucaia;656;1;657
150780 Senador José Porfírio;51;5;56
150790 Soure;309;71;380
150795 Tailândia;954;63;1017
150796 Terra Alta;37;2;39
150797 Terra Santa;112;23;135
150800 Tomé-Açu;1647;101;1748
150803 Tracuateua;66;5;71
150805 Trairão;11;3;14
150808 Tucumã;2066;65;2131
150810 Tucuruí;3851;1251;5102
150812 Ulianópolis;261;9;270
150815 Uruará;208;24;232
150820 Vigia;414;77;491
150830 Viseu;80;14;94
150835 Vitória do Xingu;18;0;18
150840 Xinguara;912;65;977
150000 Município ignorado - PA;4741;3514;8255
160010 Amapá;197;38;235
160020 Calçoene;37;16;53
160021 Cutias;3;0;3
160023 Ferreira Gomes;57;19;76
160025 Itaubal;5;0;5
160027 Laranjal do Jari;281;60;341
160030 Macapá;52462;14112;66574
160040 Mazagão;91;38;129
160050 Oiapoque;258;73;331
160015 Pedra Branca do Amapari;12;5;17
160053 Porto Grande;870;79;949
160055 Pracuúba;2;0;2
160060 Santana;5548;3341;8889
160005 Serra do Navio;39;65;104
160070 Tartarugalzinho;314;26;340
160080 Vitória do Jari;83;10;93
160000 Município ignorado - AP;203;158;361
170025 Abreulândia;28;4;32
170030 Aguiarnópolis;127;21;148
170035 Aliança do Tocantins;73;1;74
170040 Almas;48;10;58
170070 Alvorada;214;159;373
170100 Ananás;81;10;91
170105 Angico;46;6;52
170110 Aparecida do Rio Negro;31;4;35
170130 Aragominas;16;6;22
170190 Araguacema;46;9;55
170200 Araguaçu;116;21;137
170210 Araguaína;7454;785;8239
170215 Araguanã;8;1;9
170220 Araguatins;330;8;338
170230 Arapoema;57;14;71
170240 Arraias;250;14;264
170255 Augustinópolis;149;14;163
170270 Aurora do Tocantins;16;2;18
170290 Axixá do Tocantins;69;3;72
170300 Babaçulândia;63;6;69
170305 Bandeirantes do Tocantins;60;1;61
170307 Barra do Ouro;2;0;2
170310 Barrolândia;25;9;34
170320 Bernardo Sayão;24;7;31
170330 Bom Jesus do Tocantins;11;1;12
170360 Brasilândia do Tocantins;4;0;4
170370 Brejinho de Nazaré;23;4;27
170380 Buriti do Tocantins;39;6;45
170382 Cachoeirinha;96;86;182
170384 Campos Lindos;20;13;33
170386 Cariri do Tocantins;22;5;27
170388 Carmolândia;19;2;21
170390 Caseara;39;2;41
170410 Centenário;26;1;27
170460 Chapada de Areia;8;0;8
170550 Colinas do Tocantins;785;97;882
171670 Colméia;84;35;119
170555 Combinado;15;2;17
170560 Conceição do Tocantins;18;1;19
170600 Couto Magalhães;19;6;25
170610 Cristalândia;101;7;108
170625 Crixás do Tocantins;9;1;10
170650 Darcinópolis;24;3;27
170700 Dianópolis;620;17;637
170710 Divinópolis do Tocantins;52;8;60
170720 Dois Irmãos do Tocantins;24;2;26
170730 Dueré;68;8;76
170740 Esperantina;18;2;20
170755 Fátima;31;0;31
170765 Figueirópolis;2007;3;2010
170770 Filadélfia;58;2;60
170820 Formoso do Araguaia;554;154;708
170825 Fortaleza do Tabocão;8;9;17
170830 Goianorte;9;1;10
170900 Goiatins;44;14;58
170930 Guaraí;658;53;711
170950 Gurupi;6419;309;6728
170980 Ipueiras;1;0;1
171050 Itacajá;79;0;79
171070 Itaguatins;61;6;67
171090 Itapiratins;51;1;52
171110 Itaporã do Tocantins;11;1;12
171150 Jaú do Tocantins;30;1;31
171180 Juarina;0;1;1
171190 Lagoa da Confusão;93;8;101
171195 Lagoa do Tocantins;10;5;15
171200 Lajeado;77;4;81
171215 Lavandeira;12;0;12
171240 Lizarda;31;5;36
171245 Luzinópolis;2;5;7
171250 Marianópolis do Tocantins;17;5;22
171270 Mateiros;8;1;9
171280 Maurilândia do Tocantins;14;0;14
171320 Miracema do Tocantins;772;85;857
171330 Miranorte;225;20;245
171360 Monte do Carmo;66;10;76
171370 Monte Santo do Tocantins;12;2;14
171395 Muricilândia;3;1;4
171420 Natividade;245;75;320
171430 Nazaré;62;8;70
171488 Nova Olinda;49;3;52
171500 Nova Rosalândia;19;0;19
171510 Novo Acordo;39;15;54
171515 Novo Alegre;14;0;14
171525 Novo Jardim;15;1;16
171550 Oliveira de Fátima;3;1;4
172100 Palmas;36112;3558;39670
171570 Palmeirante;25;1;26
171380 Palmeiras do Tocantins;30;0;30
171575 Palmeirópolis;282;15;297
171610 Paraíso do Tocantins;1612;151;1763
171620 Paranã;66;23;89
171630 Pau D'Arco;19;1;20
171650 Pedro Afonso;423;46;469
171660 Peixe;146;10;156
171665 Pequizeiro;9;0;9
171700 Pindorama do Tocantins;8;4;12
171720 Piraquê;6;0;6
171750 Pium;34;4;38
171780 Ponte Alta do Bom Jesus;34;1;35
171790 Ponte Alta do Tocantins;34;5;39
171800 Porto Alegre do Tocantins;46;3;49
171820 Porto Nacional;1596;121;1717
171830 Praia Norte;25;0;25
171840 Presidente Kennedy;48;19;67
171845 Pugmil;1;0;1
171850 Recursolândia;8;0;8
171855 Riachinho;11;1;12
171865 Rio da Conceição;12;0;12
171870 Rio dos Bois;11;2;13
171875 Rio Sono;47;6;53
171880 Sampaio;28;1;29
171884 Sandolândia;18;6;24
171886 Santa Fé do Araguaia;25;2;27
171888 Santa Maria do Tocantins;7;4;11
171889 Santa Rita do Tocantins;3;0;3
171890 Santa Rosa do Tocantins;24;5;29
171900 Santa Tereza do Tocantins;10;5;15
172000 Santa Terezinha do Tocantins;1;0;1
172010 São Bento do Tocantins;14;3;17
172015 São Félix do Tocantins;10;1;11
172020 São Miguel do Tocantins;50;3;53
172025 São Salvador do Tocantins;42;1;43
172030 São Sebastião do Tocantins;24;3;27
172049 São Valério da Natividade;34;6;40
172065 Silvanópolis;33;2;35
172080 Sítio Novo do Tocantins;67;5;72
172085 Sucupira;14;0;14
172090 Taguatinga;3436;229;3665
172093 Taipas do Tocantins;4;0;4
172097 Talismã;5;2;7
172110 Tocantínia;57;7;64
172120 Tocantinópolis;1014;115;1129
172125 Tupirama;8;0;8
172130 Tupiratins;11;0;11
172208 Wanderlândia;76;9;85
172210 Xambioá;216;38;254
170000 Município ignorado - TO;333;355;688
210005 Açailândia;8433;801;9234
210015 Água Doce do Maranhão;8;0;8
210020 Alcântara;71;12;83
210030 Aldeias Altas;113;1;114
210040 Altamira do Maranhão;21;1;22
210043 Alto Alegre do Maranhão;12;5;17
210047 Alto Alegre do Pindaré;165;6;171
210050 Alto Parnaíba;71;11;82
210055 Amapá do Maranhão;6;0;6
210060 Amarante do Maranhão;148;0;148
210070 Anajatuba;80;9;89
210080 Anapurus;36;12;48
210083 Apicum-Açu;5;1;6
210087 Araguanã;16;0;16
210090 Araioses;66;6;72
210095 Arame;34;3;37
210100 Arari;353;68;421
210110 Axixá;28;4;32
210120 Bacabal;2009;196;2205
210125 Bacabeira;238;6;244
210130 Bacuri;48;15;63
210135 Bacurituba;1;0;1
210140 Balsas;1912;662;2574
210150 Barão de Grajaú;198;10;208
210160 Barra do Corda;945;107;1052
210170 Barreirinhas;1212;788;2000
210177 Bela Vista do Maranhão;13;0;13
210173 Belágua;1;0;1
210180 Benedito Leite;26;1;27
210190 Bequimão;114;7;121
210193 Bernardo do Mearim;10;1;11
210197 Boa Vista do Gurupi;26;2;28
210200 Bom Jardim;140;6;146
210203 Bom Jesus das Selvas;142;0;142
210207 Bom Lugar;11;1;12
210210 Brejo;155;21;176
210215 Brejo de Areia;3;1;4
210220 Buriti;76;38;114
210230 Buriti Bravo;75;8;83
210232 Buriticupu;381;11;392
210235 Buritirana;27;0;27
210237 Cachoeira Grande;14;1;15
210240 Cajapió;13;3;16
210250 Cajari;29;1;30
210255 Campestre do Maranhão;38;3;41
210260 Cândido Mendes;35;11;46
210270 Cantanhede;42;12;54
210275 Capinzal do Norte;15;3;18
210280 Carolina;623;35;658
210290 Carutapera;78;22;100
210300 Caxias;4686;908;5594
210310 Cedral;15;8;23
210312 Central do Maranhão;15;1;16
210317 Centro Novo do Maranhão;8;2;10
210320 Chapadinha;860;77;937
210325 Cidelândia;79;7;86
210330 Codó;1418;189;1607
210340 Coelho Neto;2185;1718;3903
210350 Colinas;262;19;281
210355 Conceição do Lago-Açu;7;6;13
210360 Coroatá;550;32;582
210370 Cururupu;211;21;232
210375 Davinópolis;160;1;161
210380 Dom Pedro;184;19;203
210390 Duque Bacelar;12;4;16
210400 Esperantinópolis;98;2;100
210405 Estreito;652;65;717
210407 Feira Nova do Maranhão;10;0;10
210409 Formosa da Serra Negra;12;2;14
210410 Fortaleza dos Nogueiras;29;15;44
210420 Fortuna;81;33;114
210430 Godofredo Viana;40;34;74
210440 Gonçalves Dias;90;0;90
210450 Governador Archer;38;0;38
210455 Governador Edison Lobão;71;2;73
210460 Governador Eugênio Barros;104;26;130
210462 Governador Luiz Rocha;6;0;6
210465 Governador Newton Bello;13;0;13
210467 Governador Nunes Freire;38;0;38
210470 Graça Aranha;17;4;21
210480 Grajaú;405;70;475
210490 Guimarães;85;16;101
210500 Humberto de Campos;27;3;30
210510 Icatu;27;5;32
210515 Igarapé do Meio;41;0;41
210520 Igarapé Grande;48;2;50
210530 Imperatriz;22981;1540;24521
210535 Itaipava do Grajaú;2;0;2
210540 Itapecuru Mirim;626;42;668
210542 Itinga do Maranhão;127;3;130
210545 Jatobá;11;1;12
210547 Jenipapo dos Vieiras;13;0;13
210550 João Lisboa;330;8;338
210560 Joselândia;54;4;58
210565 Junco do Maranhão;1;0;1
210570 Lago da Pedra;173;22;195
210580 Lago do Junco;40;2;42
210594 Lago dos Rodrigues;6;4;10
210590 Lago Verde;22;10;32
210592 Lagoa do Mato;21;3;24
210596 Lagoa Grande do Maranhão;2;0;2
210598 Lajeado Novo;15;0;15
210600 Lima Campos;54;1;55
210610 Loreto;52;3;55
210620 Luís Domingues;19;4;23
210630 Magalhães de Almeida;72;9;81
210632 Maracaçumé;49;10;59
210637 Maranhãozinho;25;3;28
210640 Mata Roma;19;2;21
210650 Matinha;134;13;147
210660 Matões;83;7;90
210663 Matões do Norte;15;5;20
210667 Milagres do Maranhão;3;0;3
210670 Mirador;66;5;71
210675 Miranda do Norte;88;8;96
210680 Mirinzal;54;6;60
210690 Monção;49;8;57
210700 Montes Altos;165;14;179
210710 Morros;24;4;28
210720 Nina Rodrigues;23;8;31
210725 Nova Colinas;5;0;5
210730 Nova Iorque;18;1;19
210735 Nova Olinda do Maranhão;54;6;60
210740 Olho d'Água das Cunhãs;81;0;81
210745 Olinda Nova do Maranhão;21;1;22
210750 Paço do Lumiar;4211;1137;5348
210760 Palmeirândia;46;2;48
210770 Paraibano;84;3;87
210780 Parnarama;173;9;182
210790 Passagem Franca;73;7;80
210800 Pastos Bons;68;6;74
210805 Paulino Neves;35;12;47
210810 Paulo Ramos;74;2;76
210820 Pedreiras;1216;81;1297
210825 Pedro do Rosário;4;0;4
210830 Penalva;75;13;88
210840 Peri Mirim;36;3;39
210845 Peritoró;59;5;64
210850 Pindaré-Mirim;542;93;635
210860 Pinheiro;1162;183;1345
210870 Pio XII;101;3;104
210880 Pirapemas;73;8;81
210890 Poção de Pedras;81;6;87
210900 Porto Franco;488;105;593
210905 Porto Rico do Maranhão;4;0;4
210910 Presidente Dutra;936;72;1008
210920 Presidente Juscelino;14;1;15
210923 Presidente Médici;12;2;14
210927 Presidente Sarney;9;1;10
210930 Presidente Vargas;26;0;26
210940 Primeira Cruz;28;1;29
210945 Raposa;208;30;238
210950 Riachão;101;12;113
210955 Ribamar Fiquene;45;5;50
210960 Rosário;900;70;970
210970 Sambaíba;27;23;50
210975 Santa Filomena do Maranhão;4;0;4
210980 Santa Helena;183;9;192
210990 Santa Inês;2218;210;2428
211000 Santa Luzia;308;185;493
211003 Santa Luzia do Paruá;79;3;82
211010 Santa Quitéria do Maranhão;48;6;54
211020 Santa Rita;589;342;931
211023 Santana do Maranhão;5;0;5
211027 Santo Amaro do Maranhão;4;0;4
211030 Santo Antônio dos Lopes;89;0;89
211040 São Benedito do Rio Preto;23;2;25
211050 São Bento;225;18;243
211060 São Bernardo;113;12;125
211065 São Domingos do Azeitão;25;3;28
211070 São Domingos do Maranhão;103;5;108
211080 São Félix de Balsas;5;3;8
211085 São Francisco do Brejão;31;0;31
211090 São Francisco do Maranhão;12;0;12
211100 São João Batista;112;7;119
211102 São João do Carú;14;5;19
211105 São João do Paraíso;28;14;42
211107 São João do Soter;5;1;6
211110 São João dos Patos;575;59;634
211120 São José de Ribamar;3535;580;4115
211125 São José dos Basílios;5;0;5
211130 São Luís;204086;31849;235935
211140 São Luís Gonzaga do Maranhão;107;15;122
211150 São Mateus do Maranhão;237;9;246
211153 São Pedro da Água Branca;161;4;165
211157 São Pedro dos Crentes;1;0;1
211160 São Raimundo das Mangabeiras;147;9;156
211163 São Raimundo do Doca Bezerra;2;0;2
211170 São Vicente Ferrer;80;12;92
211172 Satubinha;5;0;5
211174 Senador Alexandre Costa;5;2;7
211176 Senador La Rocque;258;0;258
211178 Serrano do Maranhão;2;0;2
211180 Sítio Novo;59;3;62
211190 Sucupira do Norte;21;2;23
211195 Sucupira do Riachão;3;0;3
211200 Tasso Fragoso;196;87;283
211210 Timbiras;80;9;89
211220 Timon;6550;610;7160
211223 Trizidela do Vale;101;12;113
211227 Tufilândia;20;0;20
211230 Tuntum;141;5;146
211240 Turiaçu;45;11;56
211245 Turilândia;25;2;27
211250 Tutóia;236;46;282
211260 Urbano Santos;102;5;107
211270 Vargem Grande;143;32;175
211280 Viana;369;76;445
211285 Vila Nova dos Martírios;101;17;118
211290 Vitória do Mearim;375;10;385
211300 Vitorino Freire;126;2;128
211400 Zé Doca;455;73;528
210000 Município ignorado - MA;2393;5129;7522
220005 Acauã;87;1;88
220010 Agricolândia;35;5;40
220020 Água Branca;272;14;286
220025 Alagoinha do Piauí;15;1;16
220027 Alegrete do Piauí;14;36;50
220030 Alto Longá;78;0;78
220040 Altos;745;50;795
220045 Alvorada do Gurguéia;41;0;41
220050 Amarante;133;9;142
220060 Angical do Piauí;65;4;69
220070 Anísio de Abreu;6;1;7
220080 Antônio Almeida;25;3;28
220090 Aroazes;17;3;20
220100 Arraial;10;0;10
220105 Assunção do Piauí;6;2;8
220110 Avelino Lopes;74;4;78
220115 Baixa Grande do Ribeiro;107;18;125
220117 Barra D'Alcântara;14;4;18
220120 Barras;377;14;391
220130 Barreiras do Piauí;14;0;14
220140 Barro Duro;51;3;54
220150 Batalha;104;1;105
220157 Belém do Piauí;5;0;5
220160 Beneditinos;57;3;60
220170 Bertolínia;71;3;74
220173 Betânia do Piauí;10;1;11
220177 Boa Hora;14;2;16
220180 Bocaina;38;0;38
220190 Bom Jesus;551;106;657
220191 Bom Princípio do Piauí;6;0;6
220192 Bonfim do Piauí;4;0;4
220194 Boqueirão do Piauí;10;4;14
220196 Brasileira;64;3;67
220198 Brejo do Piauí;8;0;8
220200 Buriti dos Lopes;141;4;145
220202 Buriti dos Montes;4;0;4
220205 Cabeceiras do Piauí;33;0;33
220207 Cajazeiras do Piauí;1;0;1
220208 Cajueiro da Praia;18;13;31
220209 Caldeirão Grande do Piauí;67;0;67
220210 Campinas do Piauí;43;1;44
220211 Campo Alegre do Fidalgo;9;0;9
220213 Campo Grande do Piauí;6;0;6
220220 Campo Maior;1615;72;1687
220225 Canavieira;6;0;6
220230 Canto do Buriti;259;17;276
220240 Capitão de Campos;66;0;66
220245 Capitão Gervásio Oliveira;3;0;3
220250 Caracol;24;1;25
220253 Caraúbas do Piauí;0;2;2
220260 Castelo do Piauí;267;13;280
220265 Caxingó;3;25;28
220270 Cocal;73;1;74
220271 Cocal de Telha;10;0;10
220272 Cocal dos Alves;8;2;10
220273 Coivaras;8;0;8
220275 Colônia do Gurguéia;72;0;72
220277 Colônia do Piauí;9;0;9
220280 Conceição do Canindé;50;0;50
220285 Coronel José Dias;2;0;2
220290 Corrente;362;11;373
220300 Cristalândia do Piauí;28;2;30
220310 Cristino Castro;100;4;104
220320 Curimatá;110;2;112
220323 Currais;0;2;2
220327 Curral Novo do Piauí;5;8;13
220325 Curralinhos;11;1;12
220330 Demerval Lobão;169;10;179
220335 Dirceu Arcoverde;9;0;9
220340 Dom Expedito Lopes;48;4;52
220345 Dom Inocêncio;21;0;21
220342 Domingos Mourão;5;0;5
220350 Elesbão Veloso;124;4;128
220360 Eliseu Martins;65;4;69
220370 Esperantina;442;32;474
220375 Fartura do Piauí;2;0;2
220380 Flores do Piauí;28;8;36
220385 Floresta do Piauí;4;0;4
220390 Floriano;4102;162;4264
220400 Francinópolis;14;0;14
220410 Francisco Ayres;14;2;16
220415 Francisco Macedo;11;0;11
220420 Francisco Santos;44;0;44
220430 Fronteiras;151;4;155
220435 Geminiano;3;0;3
220440 Gilbués;80;4;84
220450 Guadalupe;565;13;578
220455 Guaribas;6;0;6
220460 Hugo Napoleão;19;2;21
220465 Ilha Grande;19;0;19
220470 Inhuma;108;1;109
220480 Ipiranga do Piauí;88;0;88
220490 Isaías Coelho;13;5;18
220500 Itainópolis;34;9;43
220510 Itaueira;89;1;90
220515 Jacobina do Piauí;6;0;6
220520 Jaicós;136;1;137
220525 Jardim do Mulato;8;0;8
220530 Jerumenha;54;4;58
220540 Joaquim Pires;46;1;47
220545 Joca Marques;1;0;1
220550 José de Freitas;491;78;569
220551 Juazeiro do Piauí;10;0;10
220552 Júlio Borges;0;2;2
220555 Lagoa Alegre;8;0;8
220557 Lagoa de São Francisco;7;0;7
220556 Lagoa do Barro do Piauí;9;0;9
220558 Lagoa do Piauí;21;2;23
220559 Lagoa do Sítio;1;0;1
220554 Lagoinha do Piauí;5;0;5
220560 Landri Sales;38;5;43
220570 Luís Correia;155;6;161
220580 Luzilândia;288;5;293
220585 Madeiro;2;0;2
220590 Manoel Emídio;74;2;76
220595 Marcolândia;12;3;15
220600 Marcos Parente;85;3;88
220605 Massapê do Piauí;2;0;2
220610 Matias Olímpio;70;6;76
220620 Miguel Alves;105;2;107
220630 Miguel Leão;4;0;4
220635 Milton Brandão;6;1;7
220640 Monsenhor Gil;62;3;65
220650 Monsenhor Hipólito;16;0;16
220660 Monte Alegre do Piauí;33;6;39
220665 Morro Cabeça no Tempo;1;0;1
220667 Morro do Chapéu do Piauí;2;1;3
220669 Murici dos Portelas;3;0;3
220670 Nazaré do Piauí;42;0;42
220672 Nazária;27;0;27
220675 Nossa Senhora de Nazaré;8;0;8
220680 Nossa Senhora dos Remédios;14;0;14
220795 Nova Santa Rita;149;9;158
220690 Novo Oriente do Piauí;24;0;24
220695 Novo Santo Antônio;3;0;3
220700 Oeiras;1019;21;1040
220710 Olho D'Água do Piauí;7;1;8
220720 Padre Marcos;38;2;40
220730 Paes Landim;34;1;35
220735 Pajeú do Piauí;7;1;8
220740 Palmeira do Piauí;15;1;16
220750 Palmeirais;55;4;59
220755 Paquetá;4;0;4
220760 Parnaguá;24;3;27
220770 Parnaíba;6988;293;7281
220775 Passagem Franca do Piauí;8;0;8
220777 Patos do Piauí;13;0;13
220780 Paulistana;315;5;320
220785 Pavussu;4;0;4
220790 Pedro II;298;10;308
220793 Pedro Laurentino;12;0;12
220800 Picos;3857;143;4000
220810 Pimenteiras;54;1;55
220820 Pio IX;102;3;105
220830 Piracuruca;288;9;297
220840 Piripiri;1539;51;1590
220850 Porto;29;4;33
220860 Prata do Piauí;14;1;15
220865 Queimada Nova;159;1;160
220870 Redenção do Gurguéia;19;2;21
220880 Regeneração;148;4;152
220885 Riacho Frio;5;0;5
220890 Ribeiro Gonçalves;58;3;61
220900 Rio Grande do Piauí;72;12;84
220910 Santa Cruz do Piauí;23;0;23
220915 Santa Cruz dos Milagres;3;15;18
220920 Santa Filomena;16;0;16
220930 Santa Luz;42;7;49
220937 Santa Rosa do Piauí;12;0;12
220935 Santana do Piauí;7;0;7
220940 Santo Antônio de Lisboa;29;0;29
220945 Santo Antônio dos Milagres;2;0;2
220950 Santo Inácio do Piauí;19;3;22
220955 São Braz do Piauí;1;0;1
220960 São Félix do Piauí;28;0;28
220965 São Francisco de Assis do Piauí;2;0;2
220970 São Francisco do Piauí;31;0;31
220975 São Gonçalo do Gurguéia;14;0;14
220980 São Gonçalo do Piauí;31;0;31
220985 São João da Canabrava;17;0;17
220987 São João da Fronteira;11;2;13
220990 São João da Serra;22;1;23
220995 São João da Varjota;2;0;2
220997 São João do Arraial;8;0;8
221000 São João do Piauí;291;6;297
221005 São José do Divino;2;1;3
221010 São José do Peixe;25;0;25
221020 São José do Piauí;22;0;22
221030 São Julião;283;8;291
221035 São Lourenço do Piauí;9;0;9
221037 São Luis do Piauí;1;1;2
221038 São Miguel da Baixa Grande;10;0;10
221040 São Miguel do Tapuio;64;2;66
221050 São Pedro do Piauí;85;4;89
221060 São Raimundo Nonato;632;10;642
221062 Sebastião Barros;2;0;2
221063 Sebastião Leal;15;0;15
221065 Sigefredo Pacheco;6;1;7
221070 Simões;70;1;71
221080 Simplício Mendes;253;2;255
221090 Socorro do Piauí;23;1;24
221093 Sussuapara;4;0;4
221100 Teresina;151336;13641;164977
221110 União;380;9;389
221120 Uruçuí;557;171;728
221130 Valença do Piauí;343;10;353
221135 Várzea Branca;3;0;3
221140 Várzea Grande;1140;11;1151
221150 Vera Mendes;3;0;3
221160 Vila Nova do Piauí;1;0;1
221170 Wall Ferraz;2;1;3
220000 Município ignorado - PI;336;235;571
230010 Abaiara;347;27;374
230015 Acarape;247;20;267
230020 Acaraú;447;50;497
230030 Acopiara;468;153;621
230040 Aiuaba;19;18;37
230050 Alcântaras;63;3;66
230060 Altaneira;25;19;44
230070 Alto Santo;145;73;218
230075 Amontada;154;124;278
230080 Antonina do Norte;30;5;35
230090 Apuiarés;36;1;37
230100 Aquiraz;3089;1836;4925
230110 Aracati;3015;1026;4041
230120 Aracoiaba;251;21;272
230125 Ararendá;38;5;43
230130 Araripe;120;33;153
230140 Aratuba;41;5;46
230150 Arneiroz;42;10;52
230160 Assaré;197;29;226
230170 Aurora;154;20;174
230180 Baixio;16;3;19
230185 Banabuiú;223;26;249
230190 Barbalha;2222;842;3064
230195 Barreira;251;22;273
230200 Barro;157;5;162
230205 Barroquinha;71;14;85
230210 Baturité;1067;108;1175
230220 Beberibe;615;147;762
230230 Bela Cruz;198;10;208
230240 Boa Viagem;508;71;579
230250 Brejo Santo;1661;72;1733
230260 Camocim;1019;103;1122
230270 Campos Sales;514;102;616
230280 Canindé;1467;199;1666
230290 Capistrano;85;14;99
230300 Caridade;84;6;90
230310 Cariré;89;17;106
230320 Caririaçu;133;121;254
230330 Cariús;77;63;140
230340 Carnaubal;78;19;97
230350 Cascavel;3511;662;4173
230360 Catarina;100;20;120
230365 Catunda;30;2;32
230370 Caucaia;18011;10308;28319
230380 Cedro;416;103;519
230390 Chaval;43;2;45
230393 Choró;34;9;43
230395 Chorozinho;196;148;344
230400 Coreaú;165;3;168
230410 Crateús;3331;997;4328
230420 Crato;10423;2618;13041
230423 Croatá;54;12;66
230425 Cruz;101;3;104
230426 Deputado Irapuan Pinheiro;19;0;19
230427 Ererê;19;6;25
230428 Eusébio;9853;1979;11832
230430 Farias Brito;126;35;161
230435 Forquilha;447;47;494
230440 Fortaleza;655241;236837;892078
230445 Fortim;230;53;283
230450 Frecheirinha;111;17;128
230460 General Sampaio;17;0;17
230465 Graça;110;15;125
230470 Granja;454;49;503
230480 Granjeiro;20;2;22
230490 Groaíras;133;24;157
230495 Guaiúba;293;65;358
230500 Guaraciaba do Norte;358;33;391
230510 Guaramiranga;41;3;44
230520 Hidrolândia;127;10;137
230523 Horizonte;2502;1454;3956
230526 Ibaretama;24;7;31
230530 Ibiapina;285;42;327
230533 Ibicuitinga;28;5;33
230535 Icapuí;254;25;279
230540 Icó;1208;398;1606
230550 Iguatu;4421;1572;5993
230560 Independência;384;38;422
230565 Ipaporanga;53;15;68
230570 Ipaumirim;106;21;127
230580 Ipu;822;62;884
230590 Ipueiras;353;56;409
230600 Iracema;137;17;154
230610 Irauçuba;95;19;114
230620 Itaiçaba;88;10;98
230625 Itaitinga;1571;946;2517
230630 Itapagé;634;94;728
230640 Itapipoca;1981;1591;3572
230650 Itapiúna;72;21;93
230655 Itarema;117;25;142
230660 Itatira;30;8;38
230670 Jaguaretama;128;6;134
230680 Jaguaribara;82;16;98
230690 Jaguaribe;701;216;917
230700 Jaguaruana;518;171;689
230710 Jardim;269;41;310
230720 Jati;91;18;109
230725 Jijoca de Jericoacoara;129;4;133
230730 Juazeiro do Norte;14554;5773;20327
230740 Jucás;157;36;193
230750 Lavras da Mangabeira;280;37;317
230760 Limoeiro do Norte;1989;795;2784
230763 Madalena;83;11;94
230765 Maracanaú;38720;11723;50443
230770 Maranguape;4025;3178;7203
230780 Marco;269;17;286
230790 Martinópole;46;3;49
230800 Massapê;368;35;403
230810 Mauriti;314;38;352
230820 Meruoca;86;15;101
230830 Milagres;562;65;627
230835 Milhã;117;8;125
230837 Miraíma;21;8;29
230840 Missão Velha;435;83;518
230850 Mombaça;450;39;489
230860 Monsenhor Tabosa;102;8;110
230870 Morada Nova;1268;281;1549
230880 Moraújo;36;7;43
230890 Morrinhos;129;40;169
230900 Mucambo;180;13;193
230910 Mulungu;51;4;55
230920 Nova Olinda;78;39;117
230930 Nova Russas;637;126;763
230940 Novo Oriente;182;44;226
230945 Ocara;79;23;102
230950 Orós;249;48;297
230960 Pacajus;5244;3089;8333
230970 Pacatuba;1549;1402;2951
230980 Pacoti;151;11;162
230990 Pacujá;61;7;68
231000 Palhano;46;18;64
231010 Palmácia;98;21;119
231020 Paracuru;1225;170;1395
231025 Paraipaba;363;49;412
231030 Parambu;155;51;206
231040 Paramoti;28;6;34
231050 Pedra Branca;189;15;204
231060 Penaforte;77;32;109
231070 Pentecoste;450;34;484
231080 Pereiro;173;25;198
231085 Pindoretama;332;172;504
231090 Piquet Carneiro;82;9;91
231095 Pires Ferreira;34;3;37
231100 Poranga;46;15;61
231110 Porteiras;150;13;163
231120 Potengi;69;15;84
231123 Potiretama;27;4;31
231126 Quiterianópolis;40;8;48
231130 Quixadá;2863;905;3768
231135 Quixelô;79;20;99
231140 Quixeramobim;1903;150;2053
231150 Quixeré;125;23;148
231160 Redenção;665;54;719
231170 Reriutaba;255;5;260
231180 Russas;1511;1256;2767
231190 Saboeiro;62;21;83
231195 Salitre;19;2;21
231220 Santa Quitéria;684;49;733
231200 Santana do Acaraú;231;5;236
231210 Santana do Cariri;103;39;142
231230 São Benedito;645;93;738
231240 São Gonçalo do Amarante;1051;865;1916
231250 São João do Jaguaribe;98;24;122
231260 São Luís do Curu;932;8;940
231270 Senador Pompeu;473;64;537
231280 Senador Sá;13;1;14
231290 Sobral;15483;2891;18374
231300 Solonópole;199;7;206
231310 Tabuleiro do Norte;719;310;1029
231320 Tamboril;130;18;148
231325 Tarrafas;19;6;25
231330 Tauá;1085;727;1812
231335 Tejuçuoca;55;8;63
231340 Tianguá;1300;459;1759
231350 Trairi;283;111;394
231355 Tururu;55;12;67
231360 Ubajara;621;249;870
231370 Umari;39;6;45
231375 Umirim;56;13;69
231380 Uruburetama;231;40;271
231390 Uruoca;67;22;89
231395 Varjota;201;30;231
231400 Várzea Alegre;489;350;839
231410 Viçosa do Ceará;373;48;421
230000 Município ignorado - CE;8172;3423;11595
240010 Acari;418;45;463
240020 Açu;3069;296;3365
240030 Afonso Bezerra;150;13;163
240040 Água Nova;8;0;8
240050 Alexandria;292;12;304
240060 Almino Afonso;44;7;51
240070 Alto do Rodrigues;4209;136;4345
240080 Angicos;457;22;479
240090 Antônio Martins;24;3;27
240100 Apodi;509;71;580
240110 Areia Branca;2106;659;2765
240120 Arês;585;18;603
240130 Augusto Severo;25;1;26
240140 Baía Formosa;119;13;132
240145 Baraúna;95;30;125
240150 Barcelona;49;3;52
240160 Bento Fernandes;148;8;156
240165 Bodó;6;3;9
240170 Bom Jesus;194;30;224
240180 Brejinho;198;25;223
240185 Caiçara do Norte;86;4;90
240190 Caiçara do Rio do Vento;31;9;40
240200 Caicó;3983;2251;6234
240210 Campo Redondo;71;28;99
240220 Canguaretama;664;36;700
240230 Caraúbas;257;69;326
240240 Carnaúba dos Dantas;112;13;125
240250 Carnaubais;274;30;304
240260 Ceará-Mirim;2840;474;3314
240270 Cerro Corá;85;15;100
240280 Coronel Ezequiel;27;2;29
240290 Coronel João Pessoa;31;4;35
240300 Cruzeta;144;32;176
240310 Currais Novos;2837;705;3542
240320 Doutor Severiano;22;9;31
240330 Encanto;24;6;30
240340 Equador;44;9;53
240350 Espírito Santo;168;46;214
240360 Extremoz;1383;385;1768
240370 Felipe Guerra;111;48;159
240375 Fernando Pedroza;62;0;62
240380 Florânia;211;16;227
240390 Francisco Dantas;21;7;28
240400 Frutuoso Gomes;49;1;50
240410 Galinhos;27;8;35
240420 Goianinha;1872;137;2009
240430 Governador Dix-Sept Rosado;98;60;158
240440 Grossos;113;25;138
240450 Guamaré;870;220;1090
240460 Ielmo Marinho;62;11;73
240470 Ipanguaçu;325;21;346
240480 Ipueira;13;10;23
240485 Itajá;89;14;103
240490 Itaú;93;37;130
240500 Jaçanã;54;2;56
240510 Jandaíra;62;4;66
240520 Janduís;38;2;40
240530 Januário Cicco;22;6;28
240540 Japi;22;0;22
240550 Jardim de Angicos;21;1;22
240560 Jardim de Piranhas;120;35;155
240570 Jardim do Seridó;366;46;412
240580 João Câmara;716;70;786
240590 João Dias;9;0;9
240600 José da Penha;35;5;40
240610 Jucurutu;173;21;194
240615 Jundiá;47;1;48
240620 Lagoa d'Anta;34;2;36
240630 Lagoa de Pedras;59;13;72
240640 Lagoa de Velhos;14;2;16
240650 Lagoa Nova;68;11;79
240660 Lagoa Salgada;98;13;111
240670 Lajes;168;8;176
240680 Lajes Pintadas;32;10;42
240690 Lucrécia;47;0;47
240700 Luís Gomes;105;8;113
240710 Macaíba;4337;530;4867
240720 Macau;2573;266;2839
240725 Major Sales;21;2;23
240730 Marcelino Vieira;93;9;102
240740 Martins;201;25;226
240750 Maxaranguape;135;24;159
240760 Messias Targino;15;2;17
240770 Montanhas;102;5;107
240780 Monte Alegre;303;47;350
240790 Monte das Gameleiras;17;2;19
240800 Mossoró;49885;11301;61186
240810 Natal;249190;67718;316908
240820 Nísia Floresta;419;64;483
240830 Nova Cruz;711;81;792
240840 Olho-d'Água do Borges;32;0;32
240850 Ouro Branco;53;28;81
240860 Paraná;58;7;65
240870 Paraú;67;4;71
240880 Parazinho;38;3;41
240890 Parelhas;401;148;549
240325 Parnamirim;33684;7708;41392
240910 Passa e Fica;42;12;54
240920 Passagem;21;1;22
240930 Patu;180;13;193
240940 Pau dos Ferros;1768;252;2020
240950 Pedra Grande;51;3;54
240960 Pedra Preta;78;0;78
240970 Pedro Avelino;129;37;166
240980 Pedro Velho;230;16;246
240990 Pendências;699;70;769
241000 Pilões;50;1;51
241010 Poço Branco;106;18;124
241020 Portalegre;91;5;96
241025 Porto do Mangue;15;2;17
241030 Presidente Juscelino;20;0;20
241040 Pureza;39;19;58
241050 Rafael Fernandes;51;7;58
241060 Rafael Godeiro;30;2;32
241070 Riacho da Cruz;46;2;48
241080 Riacho de Santana;23;1;24
241090 Riachuelo;78;21;99
240895 Rio do Fogo;58;20;78
241100 Rodolfo Fernandes;35;4;39
241110 Ruy Barbosa;23;3;26
241120 Santa Cruz;1107;143;1250
240933 Santa Maria;500;29;529
241140 Santana do Matos;243;18;261
241142 Santana do Seridó;30;0;30
241150 Santo Antônio;343;94;437
241160 São Bento do Norte;55;2;57
241170 São Bento do Trairí;15;2;17
241180 São Fernando;53;41;94
241190 São Francisco do Oeste;23;35;58
241200 São Gonçalo do Amarante;4816;804;5620
241210 São João do Sabugi;108;44;152
241220 São José de Mipibu;1343;109;1452
241230 São José do Campestre;142;6;148
241240 São José do Seridó;93;45;138
241250 São Miguel;331;44;375
241255 São Miguel do Gostoso;65;3;68
241260 São Paulo do Potengi;3605;23;3628
241270 São Pedro;109;18;127
241280 São Rafael;99;5;104
241290 São Tomé;122;19;141
241300 São Vicente;180;680;860
241310 Senador Elói de Souza;42;1;43
241320 Senador Georgino Avelino;33;0;33
241330 Serra de São Bento;59;6;65
241335 Serra do Mel;150;83;233
241340 Serra Negra do Norte;114;64;178
241350 Serrinha;48;238;286
241355 Serrinha dos Pintos;26;0;26
241360 Severiano Melo;58;7;65
241370 Sítio Novo;30;0;30
241380 Taboleiro Grande;27;4;31
241390 Taipu;122;28;150
241400 Tangará;207;31;238
241410 Tenente Ananias;117;4;121
241415 Tenente Laurentino Cruz;22;2;24
241105 Tibau;36;23;59
241420 Tibau do Sul;585;56;641
241430 Timbaúba dos Batistas;28;30;58
241440 Touros;473;61;534
241445 Triunfo Potiguar;18;2;20
241450 Umarizal;220;29;249
241460 Upanema;178;42;220
241470 Várzea;88;3;91
241475 Venha-Ver;2;0;2
241480 Vera Cruz;110;24;134
241490 Viçosa;23;7;30
241500 Vila Flor;35;1;36
240000 Município ignorado - RN;2055;987;3042
250010 Água Branca;97;13;110
250020 Aguiar;24;3;27
250030 Alagoa Grande;793;127;920
250040 Alagoa Nova;367;347;714
250050 Alagoinha;201;173;374
250053 Alcantil;10;9;19
250057 Algodão de Jandaíra;4;4;8
250060 Alhandra;317;541;858
250073 Amparo;18;10;28
250077 Aparecida;56;62;118
250080 Araçagi;100;47;147
250090 Arara;108;36;144
250100 Araruna;163;6;169
250110 Areia;1077;91;1168
250115 Areia de Baraúnas;1;0;1
250120 Areial;57;11;68
250130 Aroeiras;232;12;244
250135 Assunção;15;1;16
250140 Baía da Traição;105;51;156
250150 Bananeiras;567;128;695
250153 Baraúna;6;1;7
250160 Barra de Santa Rosa;162;5;167
250157 Barra de Santana;8;4;12
250170 Barra de São Miguel;87;1;88
250180 Bayeux;3712;3973;7685
250190 Belém;292;70;362
250200 Belém do Brejo do Cruz;23;5;28
250205 Bernardino Batista;6;1;7
250210 Boa Ventura;27;5;32
250215 Boa Vista;175;36;211
250220 Bom Jesus;26;4;30
250230 Bom Sucesso;75;0;75
250240 Bonito de Santa Fé;78;9;87
250250 Boqueirão;418;21;439
250270 Borborema;31;85;116
250280 Brejo do Cruz;168;54;222
250290 Brejo dos Santos;29;1;30
250300 Caaporã;826;1066;1892
250310 Cabaceiras;93;0;93
250320 Cabedelo;10147;6007;16154
250330 Cachoeira dos Índios;21;30;51
250340 Cacimba de Areia;25;4;29
250350 Cacimba de Dentro;51;18;69
250355 Cacimbas;7;1;8
250360 Caiçara;71;48;119
250370 Cajazeiras;2265;105;2370
250380 Caldas Brandão;129;23;152
250390 Camalaú;48;5;53
250400 Campina Grande;70101;12204;82305
251640 Campo de Santana;21;6;27
250403 Capim;11;31;42
250407 Caraúbas;32;5;37
250410 Carrapateira;5;1;6
250415 Casserengue;13;9;22
250420 Catingueira;23;0;23
250430 Catolé do Rocha;751;80;831
250435 Caturité;71;35;106
250440 Conceição;149;5;154
250450 Condado;51;14;65
250460 Conde;302;520;822
250470 Congo;33;0;33
250480 Coremas;179;2;181
250485 Coxixola;5;0;5
250490 Cruz do Espírito Santo;88;96;184
250500 Cubati;50;6;56
250510 Cuité;310;10;320
250523 Cuité de Mamanguape;24;20;44
250520 Cuitegi;68;21;89
250527 Curral de Cima;6;2;8
250530 Curral Velho;8;2;10
250535 Damião;11;4;15
250540 Desterro;36;4;40
250560 Diamante;24;0;24
250570 Dona Inês;48;20;68
250580 Duas Estradas;21;8;29
250590 Emas;17;0;17
250600 Esperança;1057;69;1126
250610 Fagundes;108;32;140
250620 Frei Martinho;30;4;34
250625 Gado Bravo;5;3;8
250630 Guarabira;2981;1143;4124
250640 Gurinhém;72;11;83
250650 Gurjão;34;3;37
250660 Ibiara;29;0;29
250260 Igaracy;29;1;30
250670 Imaculada;24;2;26
250680 Ingá;232;40;272
250690 Itabaiana;1164;67;1231
250700 Itaporanga;519;21;540
250710 Itapororoca;161;163;324
250720 Itatuba;71;55;126
250730 Jacaraú;111;51;162
250740 Jericó;722;28;750
250750 João Pessoa;170327;83154;253481
250760 Juarez Távora;62;9;71
250770 Juazeirinho;198;21;219
250780 Junco do Seridó;70;2;72
250790 Juripiranga;123;2;125
250800 Juru;50;9;59
250810 Lagoa;26;6;32
250820 Lagoa de Dentro;24;12;36
250830 Lagoa Seca;525;364;889
250840 Lastro;23;0;23
250850 Livramento;31;4;35
250855 Logradouro;12;10;22
250860 Lucena;265;341;606
250870 Mãe d'Água;17;0;17
250880 Malta;63;4;67
250890 Mamanguape;1028;297;1325
250900 Manaíra;35;3;38
250905 Marcação;14;0;14
250910 Mari;145;113;258
250915 Marizópolis;59;3;62
250920 Massaranduba;78;24;102
250930 Mataraca;214;520;734
250933 Matinhas;3;12;15
250937 Mato Grosso;9;7;16
250939 Maturéia;9;0;9
250940 Mogeiro;160;50;210
250950 Montadas;62;2;64
250960 Monte Horebe;15;1;16
250970 Monteiro;730;10;740
250980 Mulungu;41;23;64
250990 Natuba;16;3;19
251000 Nazarezinho;40;0;40
251010 Nova Floresta;108;1;109
251020 Nova Olinda;14;9;23
251030 Nova Palmeira;28;5;33
251040 Olho d'Água;29;0;29
251050 Olivedos;50;2;52
251060 Ouro Velho;27;3;30
251065 Parari;4;0;4
251070 Passagem;37;0;37
251080 Patos;4995;210;5205
251090 Paulista;4085;391;4476
251100 Pedra Branca;18;2;20
251110 Pedra Lavrada;52;3;55
251120 Pedras de Fogo;912;43;955
251272 Pedro Régis;5;3;8
251130 Piancó;262;3;265
251140 Picuí;311;9;320
251150 Pilar;87;42;129
251160 Pilões;70;12;82
251170 Pilõezinhos;29;9;38
251180 Pirpirituba;97;97;194
251190 Pitimbu;72;109;181
251200 Pocinhos;367;26;393
251203 Poço Dantas;5;1;6
251207 Poço de José de Moura;3;0;3
251210 Pombal;770;23;793
251220 Prata;29;281;310
251230 Princesa Isabel;534;18;552
251240 Puxinanã;124;85;209
251250 Queimadas;1048;373;1421
251260 Quixabá;11;1;12
251270 Remígio;448;19;467
251274 Riachão;10;9;19
251275 Riachão do Bacamarte;13;0;13
251276 Riachão do Poço;6;7;13
251278 Riacho de Santo Antônio;13;0;13
251280 Riacho dos Cavalos;22;1;23
251290 Rio Tinto;578;241;819
251300 Salgadinho;7;1;8
251310 Salgado de São Félix;101;4;105
251315 Santa Cecília;7;2;9
251320 Santa Cruz;42;3;45
251330 Santa Helena;22;1;23
251335 Santa Inês;2;28;30
251340 Santa Luzia;377;28;405
251370 Santa Rita;6303;2745;9048
251380 Santa Teresinha;29;1;30
251350 Santana de Mangueira;10;0;10
251360 Santana dos Garrotes;29;3;32
251365 Santarém;111;3;114
251385 Santo André;810;2304;3114
251392 São Bentinho;8;0;8
251390 São Bento;363;38;401
251396 São Domingos;1;0;1
251394 São Domingos do Cariri;4;1;5
251398 São Francisco;26;7;33
251400 São João do Cariri;96;9;105
250070 São João do Rio do Peixe;135;2;137
251410 São João do Tigre;5;0;5
251420 São José da Lagoa Tapada;61;1;62
251430 São José de Caiana;26;3;29
251440 São José de Espinharas;27;1;28
251450 São José de Piranhas;166;11;177
251455 São José de Princesa;2;0;2
251460 São José do Bonfim;7;1;8
251465 São José do Brejo do Cruz;2;0;2
251470 São José do Sabugi;61;8;69
251480 São José dos Cordeiros;20;1;21
251445 São José dos Ramos;7;0;7
251490 São Mamede;85;7;92
251500 São Miguel de Taipu;34;8;42
251510 São Sebastião de Lagoa de Roça;157;9;166
251520 São Sebastião do Umbuzeiro;17;6;23
251530 Sapé;826;307;1133
251540 Seridó;17;2;19
251550 Serra Branca;436;13;449
251560 Serra da Raiz;25;5;30
251570 Serra Grande;5;3;8
251580 Serra Redonda;65;14;79
251590 Serraria;51;7;58
251593 Sertãozinho;28;41;69
251597 Sobrado;19;15;34
251600 Solânea;683;102;785
251610 Soledade;387;23;410
251615 Sossêgo;2;0;2
251620 Sousa;3723;111;3834
251630 Sumé;407;8;415
251650 Taperoá;236;55;291
251660 Tavares;83;5;88
251670 Teixeira;166;2;168
251675 Tenório;7;0;7
251680 Triunfo;75;6;81
251690 Uiraúna;277;12;289
251700 Umbuzeiro;121;1;122
251710 Várzea;54;3;57
251720 Vieirópolis;7;0;7
250550 Vista Serrana;12;0;12
251740 Zabelê;6;2;8
250000 Município ignorado - PB;362;445;807
260005 Abreu e Lima;10605;3540;14145
260010 Afogados da Ingazeira;733;63;796
260020 Afrânio;334;8;342
260030 Agrestina;407;13;420
260040 Água Preta;216;24;240
260050 Águas Belas;513;43;556
260060 Alagoinha;144;15;159
260070 Aliança;338;39;377
260080 Altinho;611;9;620
260090 Amaraji;456;41;497
260100 Angelim;258;55;313
260105 Araçoiaba;101;45;146
260110 Araripina;1408;96;1504
260120 Arcoverde;4551;211;4762
260130 Barra de Guabiraba;83;9;92
260140 Barreiros;1229;111;1340
260150 Belém de Maria;62;0;62
260160 Belém de São Francisco;235;16;251
260170 Belo Jardim;3457;472;3929
260180 Betânia;39;1;40
260190 Bezerros;2424;169;2593
260200 Bodocó;299;4;303
260210 Bom Conselho;823;53;876
260220 Bom Jardim;312;24;336
260230 Bonito;881;35;916
260240 Brejão;98;19;117
260250 Brejinho;20;2;22
260260 Brejo da Madre de Deus;882;36;918
260270 Buenos Aires;41;15;56
260280 Buíque;537;14;551
260290 Cabo de Santo Agostinho;13069;6686;19755
260300 Cabrobó;598;29;627
260310 Cachoeirinha;458;17;475
260320 Caetés;110;34;144
260330 Calçado;56;9;65
260340 Calumbi;54;8;62
260345 Camaragibe;17382;3667;21049
260350 Camocim de São Félix;355;8;363
260360 Camutanga;99;3;102
260370 Canhotinho;299;29;328
260380 Capoeiras;140;15;155
260390 Carnaíba;59;5;64
260392 Carnaubeira da Penha;12;1;13
260400 Carpina;3558;384;3942
260410 Caruaru;48975;3672;52647
260415 Casinhas;38;1;39
260420 Catende;525;59;584
260430 Cedro;59;46;105
260440 Chã de Alegria;208;10;218
260450 Chã Grande;219;13;232
260460 Condado;927;13;940
260470 Correntes;155;18;173
260480 Cortês;73;9;82
260490 Cumaru;212;25;237
260500 Cupira;809;17;826
260510 Custódia;414;34;448
260515 Dormentes;300;4;304
260520 Escada;1961;400;2361
260530 Exu;313;7;320
260540 Feira Nova;157;20;177
260545 Fernando de Noronha;530;85;615
260550 Ferreiros;96;14;110
260560 Flores;114;3;117
260570 Floresta;571;28;599
260580 Frei Miguelinho;117;4;121
260590 Gameleira;232;48;280
260600 Garanhuns;13778;3647;17425
260610 Glória do Goitá;369;18;387
260620 Goiana;6311;402;6713
260630 Granito;21;1;22
260640 Gravatá;2790;208;2998
260650 Iati;34;9;43
260660 Ibimirim;205;21;226
260670 Ibirajuba;28;1;29
260680 Igarassu;6862;3704;10566
260690 Iguaraci;84;3;87
260760 Ilha de Itamaracá;817;146;963
260700 Inajá;53;2;55
260710 Ingazeira;11;3;14
260720 Ipojuca;8177;4163;12340
260730 Ipubi;157;8;165
260740 Itacuruba;27;5;32
260750 Itaíba;98;6;104
260765 Itambé;1219;52;1271
260770 Itapetim;91;2;93
260775 Itapissuma;3575;2969;6544
260780 Itaquitinga;300;3;303
260790 Jaboatão dos Guararapes;126256;23823;150079
260795 Jaqueira;74;21;95
260800 Jataúba;123;1;124
260805 Jatobá;1157;53;1210
260810 João Alfredo;316;36;352
260820 Joaquim Nabuco;144;23;167
260825 Jucati;20;11;31
260830 Jupi;86;20;106
260840 Jurema;85;14;99
260845 Lagoa do Carro;85;9;94
260850 Lagoa do Itaenga;224;50;274
260860 Lagoa do Ouro;38;13;51
260870 Lagoa dos Gatos;126;4;130
260875 Lagoa Grande;762;166;928
260880 Lajedo;1166;79;1245
260890 Limoeiro;1576;132;1708
260900 Macaparana;269;12;281
260910 Machados;57;1;58
260915 Manari;8;0;8
260920 Maraial;88;5;93
260930 Mirandiba;59;1;60
261430 Moreilândia;64;0;64
260940 Moreno;3253;538;3791
260950 Nazaré da Mata;1177;63;1240
260960 Olinda;97692;19131;116823
260970 Orobó;218;7;225
260980 Orocó;113;6;119
260990 Ouricuri;1083;118;1201
261000 Palmares;2169;433;2602
261010 Palmeirina;46;1;47
261020 Panelas;292;19;311
261030 Paranatama;59;11;70
261040 Parnamirim;1283;392;1675
261050 Passira;130;9;139
261060 Paudalho;962;139;1101
261070 Paulista;52161;11353;63514
261080 Pedra;272;7;279
261090 Pesqueira;2272;165;2437
261100 Petrolândia;614;48;662
261110 Petrolina;45798;8517;54315
261120 Poção;165;9;174
261130 Pombos;549;32;581
261140 Primavera;213;16;229
261150 Quipapá;173;12;185
261153 Quixaba;44;9;53
261160 Recife;620164;134085;754249
261170 Riacho das Almas;524;4;528
261180 Ribeirão;1166;84;1250
261190 Rio Formoso;349;93;442
261200 Sairé;215;10;225
261210 Salgadinho;28;1;29
261220 Salgueiro;2338;385;2723
261230 Saloá;55;11;66
261240 Sanharó;338;13;351
261245 Santa Cruz;131;2;133
261247 Santa Cruz da Baixa Verde;24;10;34
261250 Santa Cruz do Capibaribe;5543;95;5638
261255 Santa Filomena;12;3;15
261260 Santa Maria da Boa Vista;718;435;1153
261270 Santa Maria do Cambucá;41;7;48
261280 Santa Terezinha;119;3;122
261290 São Benedito do Sul;51;2;53
261300 São Bento do Una;975;27;1002
261310 São Caitano;1064;22;1086
261320 São João;247;52;299
261330 São Joaquim do Monte;166;6;172
261340 São José da Coroa Grande;271;24;295
261350 São José do Belmonte;395;18;413
261360 São José do Egito;498;17;515
261370 São Lourenço da Mata;5648;1694;7342
261380 São Vicente Ferrer;185;4;189
261390 Serra Talhada;3227;729;3956
261400 Serrita;83;2;85
261410 Sertânia;911;73;984
261420 Sirinhaém;513;138;651
261440 Solidão;12;0;12
261450 Surubim;1798;130;1928
261460 Tabira;193;9;202
261470 Tacaimbó;154;12;166
261480 Tacaratu;109;10;119
261485 Tamandaré;428;30;458
261500 Taquaritinga do Norte;397;14;411
261510 Terezinha;29;14;43
261520 Terra Nova;60;0;60
261530 Timbaúba;1964;81;2045
261540 Toritama;2629;14;2643
261550 Tracunhaém;77;5;82
261560 Trindade;401;107;508
261570 Triunfo;293;19;312
261580 Tupanatinga;119;5;124
261590 Tuparetama;76;4;80
261600 Venturosa;170;6;176
261610 Verdejante;74;6;80
261618 Vertente do Lério;19;1;20
261620 Vertentes;260;15;275
261630 Vicência;350;14;364
261640 Vitória de Santo Antão;6390;509;6899
261650 Xexéu;70;7;77
260000 Município ignorado - PE;21529;6084;27613
270010 Água Branca;248;29;277
270020 Anadia;222;52;274
270030 Arapiraca;10564;7244;17808
270040 Atalaia;605;24494;25099
270050 Barra de Santo Antônio;127;71;198
270060 Barra de São Miguel;247;63;310
270070 Batalha;305;52;357
270080 Belém;6223;3928;10151
270090 Belo Monte;27;7;34
270100 Boca da Mata;719;431;1150
270110 Branquinha;28;19;47
270120 Cacimbinhas;133;25;158
270130 Cajueiro;270;75;345
270135 Campestre;91;16;107
270140 Campo Alegre;280;389;669
270150 Campo Grande;1617;84;1701
270160 Canapi;67;11;78
270170 Capela;303;151;454
270180 Carneiros;19;3;22
270190 Chã Preta;71;9;80
270200 Coité do Nóia;79;21;100
270210 Colônia Leopoldina;121;18;139
270220 Coqueiro Seco;191;122;313
270230 Coruripe;822;2260;3082
270235 Craíbas;96;72;168
270240 Delmiro Gouveia;1233;310;1543
270250 Dois Riachos;46;16;62
270255 Estrela de Alagoas;77;20;97
270260 Feira Grande;168;111;279
270270 Feliz Deserto;27;13;40
270280 Flexeiras;81;20;101
270290 Girau do Ponciano;165;52;217
270300 Ibateguara;55;21;76
270310 Igaci;190;54;244
270320 Igreja Nova;82;249;331
270330 Inhapi;50;3;53
270340 Jacaré dos Homens;76;7;83
270350 Jacuípe;8;3;11
270360 Japaratinga;55;13;68
270370 Jaramataia;16;36;52
270375 Jequiá da Praia;310;38;348
270380 Joaquim Gomes;65;18;83
270390 Jundiá;15;0;15
270400 Junqueiro;286;87;373
270410 Lagoa da Canoa;104;45;149
270420 Limoeiro de Anadia;55;25;80
270430 Maceió;208240;101230;309470
270440 Major Isidoro;138;44;182
270490 Mar Vermelho;19;11;30
270450 Maragogi;430;53;483
270460 Maravilha;108;7;115
270470 Marechal Deodoro;2728;904;3632
270480 Maribondo;430;243;673
270500 Mata Grande;218;20;238
270510 Matriz de Camaragibe;195;93;288
270520 Messias;315;147;462
270530 Minador do Negrão;62;19;81
270540 Monteirópolis;43;11;54
270550 Murici;565;59;624
270560 Novo Lino;44;17;61
270570 Olho d'Água das Flores;428;35;463
270580 Olho d'Água do Casado;27;5;32
270590 Olho d'Água Grande;6;0;6
270600 Olivença;48;12;60
270610 Ouro Branco;44;14;58
270620 Palestina;46;4;50
270630 Palmeira dos Índios;4522;1776;6298
270640 Pão de Açúcar;469;49;518
270642 Pariconha;31;12;43
270644 Paripueira;290;143;433
270650 Passo de Camaragibe;98;38;136
270660 Paulo Jacinto;94;23;117
270670 Penedo;2401;1167;3568
270680 Piaçabuçu;214;223;437
270690 Pilar;2492;1112;3604
270700 Pindoba;45;8;53
270710 Piranhas;736;54;790
270720 Poço das Trincheiras;55;10;65
270730 Porto Calvo;292;51;343
270740 Porto de Pedras;55;11;66
270750 Porto Real do Colégio;252;32;284
270760 Quebrangulo;164;25;189
270770 Rio Largo;3539;2217;5756
270780 Roteiro;18;4;22
270790 Santa Luzia do Norte;263;145;408
270800 Santana do Ipanema;1455;267;1722
270810 Santana do Mundaú;48;11;59
270820 São Brás;71;30;101
270830 São José da Laje;176;35;211
270840 São José da Tapera;108;32;140
270850 São Luís do Quitunde;269;270;539
270860 São Miguel dos Campos;2954;3155;6109
270870 São Miguel dos Milagres;38;76;114
270880 São Sebastião;259;85;344
270890 Satuba;488;258;746
270895 Senador Rui Palmeira;35;5;40
270900 Tanque d'Arca;24;1;25
270910 Taquarana;127;44;171
270915 Teotônio Vilela;238;409;647
270920 Traipu;181;34;215
270930 União dos Palmares;1457;620;2077
270940 Viçosa;630;134;764
270000 Município ignorado - AL;2100;1261;3361
280010 Amparo de São Francisco;101;18;119
280020 Aquidabã;303;73;376
280030 Aracaju;167621;80513;248134
280040 Arauá;89;137;226
280050 Areia Branca;175;65;240
280060 Barra dos Coqueiros;1870;625;2495
280067 Boquim;481;217;698
280070 Brejo Grande;51;25;76
280100 Campo do Brito;317;40;357
280110 Canhoba;18;15;33
280120 Canindé de São Francisco;266;33;299
280130 Capela;840;242;1082
280140 Carira;173;11;184
280150 Carmópolis;4598;1547;6145
280160 Cedro de São João;169;50;219
280170 Cristinápolis;78;68;146
280190 Cumbe;24;12;36
280200 Divina Pastora;150;43;193
280210 Estância;3544;1506;5050
280220 Feira Nova;37;12;49
280230 Frei Paulo;226;23;249
280240 Gararu;298;19;317
280250 General Maynard;148;106;254
280260 Gracho Cardoso;24;3;27
280270 Ilha das Flores;78;15;93
280280 Indiaroba;100;101;201
280290 Itabaiana;3239;940;4179
280300 Itabaianinha;379;73;452
280310 Itabi;74;6;80
280320 Itaporanga d'Ajuda;312;135;447
280330 Japaratuba;1038;436;1474
280340 Japoatã;116;16;132
280350 Lagarto;3472;1213;4685
280360 Laranjeiras;1672;1513;3185
280370 Macambira;32;41;73
280380 Malhada dos Bois;33;20;53
280390 Malhador;124;31;155
280400 Maruim;1779;954;2733
280410 Moita Bonita;66;11;77
280420 Monte Alegre de Sergipe;71;12;83
280430 Muribeca;112;69;181
280440 Neópolis;585;64;649
280445 Nossa Senhora Aparecida;25;8;33
280450 Nossa Senhora da Glória;580;125;705
280460 Nossa Senhora das Dores;549;71;620
280470 Nossa Senhora de Lourdes;78;13;91
280480 Nossa Senhora do Socorro;7160;2836;9996
280490 Pacatuba;226;146;372
280500 Pedra Mole;21;2;23
280510 Pedrinhas;71;45;116
280520 Pinhão;18;3;21
280530 Pirambu;240;124;364
280540 Poço Redondo;89;12;101
280550 Poço Verde;184;58;242
280560 Porto da Folha;168;33;201
280570 Propriá;1459;327;1786
280580 Riachão do Dantas;126;64;190
280590 Riachuelo;394;154;548
280600 Ribeirópolis;227;19;246
280610 Rosário do Catete;1045;670;1715
280620 Salgado;313;166;479
280630 Santa Luzia do Itanhy;24;153;177
280650 Santa Rosa de Lima;39;13;52
280640 Santana do São Francisco;34;3;37
280660 Santo Amaro das Brotas;311;159;470
280670 São Cristóvão;4465;2801;7266
280680 São Domingos;55;33;88
280690 São Francisco;43;17;60
280700 São Miguel do Aleixo;21;2;23
280710 Simão Dias;627;509;1136
280720 Siriri;627;321;948
280730 Telha;44;15;59
280740 Tobias Barreto;647;336;983
280750 Tomar do Geru;31;78;109
280760 Umbaúba;224;345;569
280000 Município ignorado - SE;4419;5812;10231
290010 Abaíra;654;178;832
290020 Abaré;171;12;183
290030 Acajutiba;200;69;269
290035 Adustina;70;4;74
290040 Água Fria;100;60;160
290060 Aiquara;88;13;101
290070 Alagoinhas;18620;15297;33917
290080 Alcobaça;647;117;764
290090 Almadina;94;11;105
290100 Amargosa;720;49;769
290110 Amélia Rodrigues;1538;728;2266
290115 América Dourada;18;8;26
290120 Anagé;63;14;77
290130 Andaraí;119;51;170
290135 Andorinha;46;89;135
290140 Angical;40;23;63
290150 Anguera;180;61;241
290160 Antas;107;28;135
290170 Antônio Cardoso;91;26;117
290180 Antônio Gonçalves;84;46;130
290190 Aporá;58;36;94
290195 Apuarema;25;2;27
290205 Araças;556;363;919
290200 Aracatu;55;6;61
290210 Araci;473;192;665
290220 Aramari;417;278;695
290225 Arataca;33;16;49
290230 Aratuípe;61;30;91
290240 Aurelino Leal;94;37;131
290250 Baianópolis;55;8;63
290260 Baixa Grande;134;13;147
290265 Banzaê;24;2;26
290270 Barra;986;77;1063
290280 Barra da Estiva;158;8;166
290290 Barra do Choça;380;161;541
290300 Barra do Mendes;166;6;172
290310 Barra do Rocha;208;88;296
290320 Barreiras;8700;1516;10216
290323 Barro Alto;26;2;28
290330 Barro Preto;83;40;123
290327 Barrocas;468;175;643
290340 Belmonte;866;218;1084
290350 Belo Campo;89;9;98
290360 Biritinga;101;21;122
290370 Boa Nova;68;12;80
290380 Boa Vista do Tupim;99;120;219
290390 Bom Jesus da Lapa;2188;514;2702
290395 Bom Jesus da Serra;9;0;9
290400 Boninal;41;3;44
290405 Bonito;26;5;31
290410 Boquira;131;33;164
290420 Botuporã;40;4;44
290430 Brejões;73;15;88
290440 Brejolândia;17;3;20
290450 Brotas de Macaúbas;63;76;139
290460 Brumado;3317;300;3617
290470 Buerarema;366;140;506
290475 Buritirama;38;4;42
290480 Caatiba;56;19;75
290485 Cabaceiras do Paraguaçu;42;9;51
290490 Cachoeira;1088;353;1441
290500 Caculé;288;30;318
290510 Caém;59;6;65
290515 Caetanos;20;13;33
290520 Caetité;1669;283;1952
290530 Cafarnaum;30;21;51
290540 Cairu;81;15;96
290550 Caldeirão Grande;37;14;51
290560 Camacan;1024;458;1482
290570 Camaçari;64709;35507;100216
290580 Camamu;362;102;464
290590 Campo Alegre de Lourdes;121;6;127
290600 Campo Formoso;1083;285;1368
290610 Canápolis;63;4;67
290620 Canarana;106;2;108
290630 Canavieiras;974;305;1279
290640 Candeal;147;44;191
290650 Candeias;12461;7988;20449
290660 Candiba;64;4;68
290670 Cândido Sales;227;38;265
290680 Cansanção;182;46;228
290682 Canudos;183;15;198
290685 Capela do Alto Alegre;51;7;58
290687 Capim Grosso;182;152;334
290689 Caraíbas;16;13;29
290690 Caravelas;1087;125;1212
290700 Cardeal da Silva;392;312;704
290710 Carinhanha;125;12;137
290720 Casa Nova;1126;550;1676
290730 Castro Alves;378;42;420
290740 Catolândia;34;0;34
290750 Catu;16286;14595;30881
290755 Caturama;6;8;14
290760 Central;49;12;61
290770 Chorrochó;62;8;70
290780 Cícero Dantas;331;417;748
290790 Cipó;140;121;261
290800 Coaraci;662;232;894
290810 Cocos;78;13;91
290820 Conceição da Feira;581;156;737
290830 Conceição do Almeida;261;76;337
290840 Conceição do Coité;821;254;1075
290850 Conceição do Jacuípe;1312;626;1938
290860 Conde;192;139;331
290870 Condeúba;220;11;231
290880 Contendas do Sincorá;34;0;34
290890 Coração de Maria;550;253;803
290900 Cordeiros;52;15;67
290910 Coribe;115;9;124
290920 Coronel João Sá;28;9;37
290930 Correntina;359;464;823
290940 Cotegipe;37;6;43
290950 Cravolândia;25;8;33
290960 Crisópolis;73;27;100
290970 Cristópolis;99;15;114
290980 Cruz das Almas;2820;1356;4176
290990 Curaçá;339;136;475
291000 Dário Meira;68;16;84
291005 Dias d'Ávila;16114;12788;28902
291010 Dom Basílio;22;1;23
291020 Dom Macedo Costa;35;12;47
291030 Elísio Medrado;57;36;93
291040 Encruzilhada;123;118;241
291050 Entre Rios;2256;2164;4420
290050 Érico Cardoso;32;7;39
291060 Esplanada;827;313;1140
291070 Euclides da Cunha;880;128;1008
291072 Eunápolis;16577;5534;22111
291075 Fátima;24;36;60
291077 Feira da Mata;83;5;88
291080 Feira de Santana;85495;31166;116661
291085 Filadélfia;82;12;94
291090 Firmino Alves;27;4;31
291100 Floresta Azul;160;72;232
291110 Formosa do Rio Preto;190;43;233
291120 Gandu;2397;873;3270
291125 Gavião;10;3;13
291130 Gentio do Ouro;34;1;35
291140 Glória;225;25;250
291150 Gongogi;24;32;56
291160 Governador Mangabeira;260;310;570
291165 Guajeru;3;0;3
291170 Guanambi;2303;201;2504
291180 Guaratinga;136;33;169
291185 Heliópolis;29;14;43
291190 Iaçu;436;61;497
291200 Ibiassucê;50;8;58
291210 Ibicaraí;695;343;1038
291220 Ibicoara;103;19;122
291230 Ibicuí;197;15;212
291240 Ibipeba;41;11;52
291250 Ibipitanga;9;0;9
291260 Ibiquera;30;0;30
291270 Ibirapitanga;100;267;367
291280 Ibirapuã;264;43;307
291290 Ibirataia;345;46;391
291300 Ibitiara;54;15;69
291310 Ibititá;53;11;64
291320 Ibotirama;400;80;480
291330 Ichu;48;43;91
291340 Igaporã;71;10;81
291345 Igrapiúna;148;66;214
291350 Iguaí;182;29;211
291360 Ilhéus;16922;13564;30486
291370 Inhambupe;339;242;581
291380 Ipecaetá;52;15;67
291390 Ipiaú;4091;1279;5370
291400 Ipirá;831;170;1001
291410 Ipupiara;60;11;71
291420 Irajuba;26;2;28
291430 Iramaia;125;10;135
291440 Iraquara;118;3;121
291450 Irará;728;257;985
291460 Irecê;2847;663;3510
291465 Itabela;613;362;975
291470 Itaberaba;2666;589;3255
291480 Itabuna;27130;13383;40513
291490 Itacaré;189;23;212
291500 Itaeté;93;4;97
291510 Itagi;100;67;167
291520 Itagibá;1350;52;1402
291530 Itagimirim;291;91;382
291535 Itaguaçu da Bahia;24;0;24
291540 Itaju do Colônia;61;31;92
291550 Itajuípe;853;699;1552
291560 Itamaraju;4101;621;4722
291570 Itamari;44;15;59
291580 Itambé;268;99;367
291590 Itanagra;472;60;532
291600 Itanhém;482;67;549
291610 Itaparica;654;972;1626
291620 Itapé;117;115;232
291630 Itapebi;363;96;459
291640 Itapetinga;4359;1164;5523
291650 Itapicuru;55;54;109
291660 Itapitanga;146;65;211
291670 Itaquara;52;6;58
291680 Itarantim;194;22;216
291685 Itatim;181;19;200
291690 Itiruçu;157;75;232
291700 Itiúba;278;178;456
291710 Itororó;295;42;337
291720 Ituaçu;169;32;201
291730 Ituberá;642;73;715
291733 Iuiú;27;5;32
291735 Jaborandi;28;58;86
291740 Jacaraci;66;1;67
291750 Jacobina;5044;3457;8501
291760 Jaguaquara;1001;94;1095
291770 Jaguarari;899;306;1205
291780 Jaguaripe;63;42;105
291790 Jandaíra;55;20;75
291800 Jequié;13634;3307;16941
291810 Jeremoabo;285;99;384
291820 Jiquiriçá;22;20;42
291830 Jitaúna;216;55;271
291835 João Dourado;97;23;120
291840 Juazeiro;18587;5770;24357
291845 Jucuruçu;4;3;7
291850 Jussara;26;1;27
291855 Jussari;82;26;108
291860 Jussiape;51;2;53
291870 Lafaiete Coutinho;57;10;67
291875 Lagoa Real;13;0;13
291880 Laje;199;44;243
291890 Lajedão;81;2;83
291900 Lajedinho;15;0;15
291905 Lajedo do Tabocal;18;5;23
291910 Lamarão;40;36;76
291915 Lapão;130;18;148
291920 Lauro de Freitas;40533;25314;65847
291930 Lençóis;192;72;264
291940 Licínio de Almeida;81;19;100
291950 Livramento de Nossa Senhora;575;28;603
291955 Luís Eduardo Magalhães;3148;563;3711
291960 Macajuba;64;7;71
291970 Macarani;183;24;207
291980 Macaúbas;331;9;340
291990 Macururé;12;6;18
291992 Madre de Deus;3547;2102;5649
291995 Maetinga;27;3;30
292000 Maiquinique;324;9;333
292010 Mairi;167;54;221
292020 Malhada;20;2;22
292030 Malhada de Pedras;59;28;87
292040 Manoel Vitorino;100;7;107
292045 Mansidão;37;3;40
292050 Maracás;214;34;248
292060 Maragogipe;855;279;1134
292070 Maraú;80;25;105
292080 Marcionílio Souza;23;6;29
292090 Mascote;51;15;66
292100 Mata de São João;7284;3380;10664
292105 Matina;12;0;12
292110 Medeiros Neto;895;25;920
292120 Miguel Calmon;431;75;506
292130 Milagres;109;28;137
292140 Mirangaba;23;12;35
292145 Mirante;14;2;16
292150 Monte Santo;208;51;259
292160 Morpará;51;5;56
292170 Morro do Chapéu;403;341;744
292180 Mortugaba;93;3;96
292190 Mucugê;121;20;141
292200 Mucuri;4671;3607;8278
292205 Mulungu do Morro;20;6;26
292210 Mundo Novo;275;16;291
292220 Muniz Ferreira;48;19;67
292225 Muquém de São Francisco;12;0;12
292230 Muritiba;1206;505;1711
292240 Mutuípe;333;24;357
292250 Nazaré;1015;367;1382
292260 Nilo Peçanha;45;11;56
292265 Nordestina;25;5;30
292270 Nova Canaã;158;22;180
292273 Nova Fátima;51;12;63
292275 Nova Ibiá;42;1;43
292280 Nova Itarana;12;4;16
292285 Nova Redenção;64;18;82
292290 Nova Soure;162;71;233
292300 Nova Viçosa;1509;417;1926
292303 Novo Horizonte;17;12;29
292305 Novo Triunfo;15;77;92
292310 Olindina;176;251;427
292320 Oliveira dos Brejinhos;82;0;82
292330 Ouriçangas;78;125;203
292335 Ourolândia;25;2;27
292340 Palmas de Monte Alto;67;16;83
292350 Palmeiras;175;38;213
292360 Paramirim;186;46;232
292370 Paratinga;119;70;189
292380 Paripiranga;246;32;278
292390 Pau Brasil;193;10;203
292400 Paulo Afonso;10938;1275;12213
292405 Pé de Serra;29;0;29
292410 Pedrão;36;59;95
292420 Pedro Alexandre;17;10;27
292430 Piatã;78;27;105
292440 Pilão Arcado;125;3;128
292450 Pindaí;51;27;78
292460 Pindobaçu;174;33;207
292465 Pintadas;49;5;54
292467 Piraí do Norte;23;11;34
292470 Piripá;72;11;83
292480 Piritiba;178;14;192
292490 Planaltino;30;5;35
292500 Planalto;315;61;376
292510 Poções;952;140;1092
292520 Pojuca;6464;7836;14300
292525 Ponto Novo;46;11;57
292530 Porto Seguro;6517;2387;8904
292540 Potiraguá;152;24;176
292550 Prado;679;26;705
292560 Presidente Dutra;104;11;115
292570 Presidente Jânio Quadros;62;5;67
292575 Presidente Tancredo Neves;120;13;133
292580 Queimadas;173;67;240
292590 Quijingue;43;12;55
292593 Quixabeira;8;4;12
292595 Rafael Jambeiro;95;19;114
292600 Remanso;638;61;699
292610 Retirolândia;64;29;93
292620 Riachão das Neves;102;36;138
292630 Riachão do Jacuípe;479;118;597
292640 Riacho de Santana;249;14;263
292650 Ribeira do Amparo;27;29;56
292660 Ribeira do Pombal;1247;499;1746
292665 Ribeirão do Largo;29;12;41
292670 Rio de Contas;95;12;107
292680 Rio do Antônio;35;3;38
292690 Rio do Pires;29;4;33
292700 Rio Real;368;58;426
292710 Rodelas;78;39;117
292720 Ruy Barbosa;477;79;556
292730 Salinas da Margarida;164;201;365
292740 Salvador;701997;468026;1170023
292750 Santa Bárbara;351;258;609
292760 Santa Brígida;45;11;56
292770 Santa Cruz Cabrália;536;178;714
292780 Santa Cruz da Vitória;38;36;74
292790 Santa Inês;187;56;243
292805 Santa Luzia;232;31;263
292810 Santa Maria da Vitória;818;75;893
292840 Santa Rita de Cássia;201;2;203
292850 Santa Teresinha;41;9;50
292800 Santaluz;284;69;353
292820 Santana;393;46;439
292830 Santanópolis;114;71;185
292860 Santo Amaro;4417;2112;6529
292870 Santo Antônio de Jesus;6600;1674;8274
292880 Santo Estêvão;1698;381;2079
292890 São Desidério;260;28;288
292895 São Domingos;52;10;62
292910 São Felipe;227;36;263
292900 São Félix;327;134;461
292905 São Félix do Coribe;114;11;125
292920 São Francisco do Conde;3213;1618;4831
292925 São Gabriel;265;24;289
292930 São Gonçalo dos Campos;1681;677;2358
292935 São José da Vitória;36;27;63
292937 São José do Jacuípe;16;10;26
292940 São Miguel das Matas;94;17;111
292950 São Sebastião do Passé;5083;2918;8001
292960 Sapeaçu;206;57;263
292970 Sátiro Dias;81;78;159
292975 Saubara;148;73;221
292980 Saúde;68;50;118
292990 Seabra;834;125;959
293000 Sebastião Laranjeiras;16;1;17
293010 Senhor do Bonfim;3070;1002;4072
293020 Sento Sé;292;37;329
293015 Serra do Ramalho;100;9;109
293030 Serra Dourada;95;6;101
293040 Serra Preta;168;159;327
293050 Serrinha;4978;1809;6787
293060 Serrolândia;72;17;89
293070 Simões Filho;20525;14369;34894
293075 Sítio do Mato;25;4;29
293076 Sítio do Quinto;24;12;36
293077 Sobradinho;2041;673;2714
293080 Souto Soares;41;19;60
293090 Tabocas do Brejo Velho;24;16;40
293100 Tanhaçu;142;10;152
293105 Tanque Novo;63;8;71
293110 Tanquinho;193;93;286
293120 Taperoá;119;66;185
293130 Tapiramutá;79;30;109
293135 Teixeira de Freitas;19848;4460;24308
293140 Teodoro Sampaio;117;197;314
293150 Teofilândia;3249;748;3997
293160 Teolândia;88;29;117
293170 Terra Nova;229;229;458
293180 Tremedal;106;3;109
293190 Tucano;393;759;1152
293200 Uauá;524;176;700
293210 Ubaíra;160;18;178
293220 Ubaitaba;695;201;896
293230 Ubatã;524;147;671
293240 Uibaí;104;2;106
293245 Umburanas;13;0;13
293250 Una;586;239;825
293260 Urandi;84;3;87
293270 Uruçuca;466;182;648
293280 Utinga;128;22;150
293290 Valença;3261;1073;4334
293300 Valente;286;41;327
293305 Várzea da Roça;43;29;72
293310 Várzea do Poço;24;7;31
293315 Várzea Nova;25;15;40
293317 Varzedo;32;6;38
293320 Vera Cruz;1435;1241;2676
293325 Vereda;55;5;60
293330 Vitória da Conquista;33104;8891;41995
293340 Wagner;35;34;69
293345 Wanderley;68;8;76
293350 Wenceslau Guimarães;137;70;207
293360 Xique-Xique;540;165;705
290000 Município ignorado - BA;8703;35750;44453
310010 Abadia dos Dourados;1263;118;1381
310020 Abaeté;2209;1150;3359
310030 Abre Campo;2137;11;2148
310040 Acaiaca;188;0;188
310050 Açucena;343;39;382
310060 Água Boa;184;9;193
310070 Água Comprida;75;9;84
310080 Aguanil;48;9;57
310090 Águas Formosas;484;9;493
310100 Águas Vermelhas;115;0;115
310110 Aimorés;1962;138;2100
310120 Aiuruoca;173;14;187
310130 Alagoa;76;3;79
310140 Albertina;208;14;222
310150 Além Paraíba;6745;174;6919
310160 Alfenas;16854;455;17309
310163 Alfredo Vasconcelos;188;1;189
310170 Almenara;2249;75;2324
310180 Alpercata;347;5;352
310190 Alpinópolis;2339;185;2524
310200 Alterosa;420;28;448
310205 Alto Caparaó;120;3;123
315350 Alto Jequitibá;235;4;239
310210 Alto Rio Doce;293;10;303
310220 Alvarenga;33;2;35
310230 Alvinópolis;756;14;770
310240 Alvorada de Minas;22;3;25
310250 Amparo do Serra;298;4;302
310260 Andradas;8361;144;8505
310280 Andrelândia;868;26;894
310285 Angelândia;20;0;20
310290 Antônio Carlos;617;31;648
310300 Antônio Dias;478;12;490
310310 Antônio Prado de Minas;24;4;28
310320 Araçaí;685;23;708
310330 Aracitaba;116;2;118
310340 Araçuaí;1264;56;1320
310350 Araguari;20369;2696;23065
310360 Arantina;141;14;155
310370 Araponga;112;2;114
310375 Araporã;385;149;534
310380 Arapuá;295;0;295
310390 Araújos;1509;2;1511
310400 Araxá;27366;3203;30569
310410 Arceburgo;1442;18;1460
310420 Arcos;5017;1679;6696
310430 Areado;2139;24;2163
310440 Argirita;155;6;161
310445 Aricanduva;22;1;23
310450 Arinos;503;11;514
310460 Astolfo Dutra;1436;25;1461
310470 Ataléia;230;13;243
310480 Augusto de Lima;119;5;124
310490 Baependi;2272;29;2301
310500 Baldim;688;85;773
310510 Bambuí;1385;101;1486
310520 Bandeira;25;2;27
310530 Bandeira do Sul;657;343;1000
310540 Barão de Cocais;9366;367;9733
310550 Barão de Monte Alto;87;5;92
310560 Barbacena;33344;597;33941
310570 Barra Longa;425;0;425
310590 Barroso;2706;94;2800
310600 Bela Vista de Minas;1621;30;1651
310610 Belmiro Braga;202;40;242
310620 Belo Horizonte;1137960;262984;1400944
310630 Belo Oriente;2428;413;2841
310640 Belo Vale;448;48;496
310650 Berilo;119;7;126
310665 Berizal;16;0;16
310660 Bertópolis;35;2;37
310670 Betim;118758;23513;142271
310680 Bias Fortes;62;0;62
310690 Bicas;2490;97;2587
310700 Biquinhas;79;18;97
310710 Boa Esperança;4198;59;4257
310720 Bocaina de Minas;59;13;72
310730 Bocaiúva;2768;535;3303
310740 Bom Despacho;6930;154;7084
310750 Bom Jardim de Minas;383;18;401
310760 Bom Jesus da Penha;101;8;109
310770 Bom Jesus do Amparo;204;12;216
310780 Bom Jesus do Galho;301;25;326
310790 Bom Repouso;190;6;196
310800 Bom Sucesso;1216;30;1246
310810 Bonfim;220;13;233
310820 Bonfinópolis de Minas;124;8;132
310825 Bonito de Minas;33;0;33
310830 Borda da Mata;891;40;931
310840 Botelhos;3054;181;3235
310850 Botumirim;45;4;49
310870 Brás Pires;283;2;285
310855 Brasilândia de Minas;905;125;1030
310860 Brasília de Minas;682;27;709
310890 Brasópolis;1794;160;1954
310880 Braúnas;199;7;206
310900 Brumadinho;10129;1264;11393
310910 Bueno Brandão;279;8;287
310920 Buenópolis;203;8;211
310925 Bugre;59;3;62
310930 Buritis;1245;30;1275
310940 Buritizeiro;853;55;908
310945 Cabeceira Grande;21;3;24
310950 Cabo Verde;929;16;945
310960 Cachoeira da Prata;1147;9;1156
310970 Cachoeira de Minas;1871;52;1923
310270 Cachoeira de Pajeú;46;7;53
310980 Cachoeira Dourada;132;46;178
310990 Caetanópolis;1322;564;1886
311000 Caeté;6668;1365;8033
311010 Caiana;65;3;68
311020 Cajuri;260;5;265
311030 Caldas;3078;40;3118
311040 Camacho;49;0;49
311050 Camanducaia;2155;34;2189
311060 Cambuí;3323;62;3385
311070 Cambuquira;1209;305;1514
311080 Campanário;107;8;115
311090 Campanha;1865;106;1971
311100 Campestre;2491;51;2542
311110 Campina Verde;3060;37;3097
311115 Campo Azul;10;0;10
311120 Campo Belo;6260;286;6546
311130 Campo do Meio;341;4;345
311140 Campo Florido;1001;3;1004
311150 Campos Altos;800;206;1006
311160 Campos Gerais;1113;15;1128
311190 Cana Verde;173;7;180
311170 Canaã;163;14;177
311180 Canápolis;722;129;851
311200 Candeias;583;15;598
311205 Cantagalo;36;6;42
311210 Caparaó;33;11;44
311220 Capela Nova;108;4;112
311230 Capelinha;1985;57;2042
311240 Capetinga;749;22;771
311250 Capim Branco;1297;20;1317
311260 Capinópolis;2460;207;2667
311265 Capitão Andrade;134;2;136
311270 Capitão Enéas;1608;14;1622
311280 Capitólio;518;15;533
311290 Caputira;177;1;178
311300 Caraí;114;11;125
311310 Caranaíba;43;4;47
311320 Carandaí;2042;111;2153
311330 Carangola;3584;124;3708
311340 Caratinga;11119;232;11351
311350 Carbonita;486;17;503
311360 Careaçu;324;12;336
311370 Carlos Chagas;1439;24;1463
311380 Carmésia;30;10;40
311390 Carmo da Cachoeira;623;11;634
311400 Carmo da Mata;1323;9;1332
311410 Carmo de Minas;2194;106;2300
311420 Carmo do Cajuru;5599;52;5651
311430 Carmo do Paranaíba;2938;34;2972
311440 Carmo do Rio Claro;1655;22;1677
311450 Carmópolis de Minas;1059;18;1077
311455 Carneirinho;594;411;1005
311460 Carrancas;255;7;262
311470 Carvalhópolis;348;5;353
311480 Carvalhos;119;0;119
311490 Casa Grande;33;9;42
311500 Cascalho Rico;38;4;42
311510 Cássia;1405;24;1429
311530 Cataguases;13814;787;14601
311535 Catas Altas;1883;18;1901
311540 Catas Altas da Noruega;93;4;97
311545 Catuji;38;2;40
311547 Catuti;29;0;29
311550 Caxambu;4023;164;4187
311560 Cedro do Abaeté;20;0;20
311570 Central de Minas;191;9;200
311580 Centralina;193;46;239
311590 Chácara;128;5;133
311600 Chalé;59;1;60
311610 Chapada do Norte;87;1;88
311615 Chapada Gaúcha;21;0;21
311620 Chiador;74;12;86
311630 Cipotânea;35;1;36
311640 Claraval;257;5;262
311650 Claro dos Poções;119;5;124
311660 Cláudio;4521;21;4542
311670 Coimbra;413;10;423
311680 Coluna;119;4;123
311690 Comendador Gomes;199;10;209
311700 Comercinho;52;0;52
311710 Conceição da Aparecida;263;1;264
311520 Conceição da Barra de Minas;123;1;124
311730 Conceição das Alagoas;863;180;1043
311720 Conceição das Pedras;19;2;21
311740 Conceição de Ipanema;15;0;15
311750 Conceição do Mato Dentro;510;30;540
311760 Conceição do Pará;402;3;405
311770 Conceição do Rio Verde;726;6;732
311780 Conceição dos Ouros;2311;16;2327
311783 Cônego Marinho;27;6;33
311787 Confins;1110;288;1398
311790 Congonhal;803;57;860
311800 Congonhas;14559;1206;15765
311810 Congonhas do Norte;7;1;8
311820 Conquista;492;19;511
311830 Conselheiro Lafaiete;43897;7453;51350
311840 Conselheiro Pena;2980;32;3012
311850 Consolação;144;12;156
311860 Contagem;225247;62784;288031
311870 Coqueiral;556;17;573
311880 Coração de Jesus;351;8;359
311890 Cordisburgo;470;14;484
311900 Cordislândia;53;1;54
311910 Corinto;1764;80;1844
311920 Coroaci;267;1;268
311930 Coromandel;4731;205;4936
311940 Coronel Fabriciano;25328;4987;30315
311950 Coronel Murta;244;4;248
311960 Coronel Pacheco;225;10;235
311970 Coronel Xavier Chaves;192;4;196
311980 Córrego Danta;85;0;85
311990 Córrego do Bom Jesus;113;0;113
311995 Córrego Fundo;92;9;101
312000 Córrego Novo;27;0;27
312010 Couto de Magalhães de Minas;47;0;47
312015 Crisólita;25;0;25
312020 Cristais;301;0;301
312030 Cristália;33;4;37
312040 Cristiano Otoni;380;32;412
312050 Cristina;1301;35;1336
312060 Crucilândia;96;10;106
312070 Cruzeiro da Fortaleza;136;4;140
312080 Cruzília;1340;52;1392
312083 Cuparaque;66;0;66
312087 Curral de Dentro;58;5;63
312090 Curvelo;11284;620;11904
312100 Datas;58;2;60
312110 Delfim Moreira;335;92;427
312120 Delfinópolis;181;11;192
312125 Delta;2079;373;2452
312130 Descoberto;271;5;276
312140 Desterro de Entre Rios;92;9;101
312150 Desterro do Melo;58;2;60
312160 Diamantina;3949;118;4067
312170 Diogo de Vasconcelos;29;5;34
312180 Dionísio;344;21;365
312190 Divinésia;297;9;306
312200 Divino;563;44;607
312210 Divino das Laranjeiras;145;4;149
312220 Divinolândia de Minas;192;78;270
312230 Divinópolis;101065;4994;106059
312235 Divisa Alegre;93;7;100
312240 Divisa Nova;171;4;175
312245 Divisópolis;53;4;57
312247 Dom Bosco;23;4;27
312250 Dom Cavati;293;22;315
312260 Dom Joaquim;114;2;116
312270 Dom Silvério;303;6;309
312280 Dom Viçoso;94;7;101
312290 Dona Eusébia;273;5;278
312300 Dores de Campos;1126;8;1134
312310 Dores de Guanhães;69;2;71
312320 Dores do Indaiá;1582;24;1606
312330 Dores do Turvo;300;2;302
312340 Doresópolis;42;3;45
312350 Douradoquara;15;5;20
312352 Durandé;80;1;81
312360 Elói Mendes;8177;40;8217
312370 Engenheiro Caldas;727;3;730
312380 Engenheiro Navarro;268;124;392
312385 Entre Folhas;124;7;131
312390 Entre Rios de Minas;939;55;994
312400 Ervália;409;3;412
312410 Esmeraldas;4915;1062;5977
312420 Espera Feliz;676;33;709
312430 Espinosa;561;23;584
312440 Espírito Santo do Dourado;177;1;178
312450 Estiva;556;44;600
312460 Estrela Dalva;115;32;147
312470 Estrela do Indaiá;128;1;129
312480 Estrela do Sul;308;129;437
312490 Eugenópolis;459;16;475
312500 Ewbank da Câmara;189;21;210
312510 Extrema;10955;475;11430
312520 Fama;161;2;163
312530 Faria Lemos;174;9;183
312540 Felício dos Santos;36;2;38
312560 Felisburgo;89;0;89
312570 Felixlândia;1159;35;1194
312580 Fernandes Tourinho;101;1;102
312590 Ferros;478;24;502
312595 Fervedouro;148;10;158
312600 Florestal;2175;44;2219
312610 Formiga;9983;269;10252
312620 Formoso;104;8;112
312630 Fortaleza de Minas;256;488;744
312640 Fortuna de Minas;105;3;108
312650 Francisco Badaró;77;0;77
312660 Francisco Dumont;38;4;42
312670 Francisco Sá;634;36;670
312675 Franciscópolis;17;0;17
312680 Frei Gaspar;63;1;64
312690 Frei Inocêncio;361;9;370
312695 Frei Lagonegro;1;0;1
312700 Fronteira;2725;88;2813
312705 Fronteira dos Vales;127;0;127
312707 Fruta de Leite;12;0;12
312710 Frutal;13619;231;13850
312720 Funilândia;139;5;144
312730 Galiléia;301;4;305
312733 Gameleiras;19;0;19
312735 Glaucilândia;25;2;27
312737 Goiabeira;36;0;36
312738 Goianá;203;19;222
312740 Gonçalves;82;2;84
312750 Gonzaga;55;7;62
312760 Gouveia;393;15;408
312770 Governador Valadares;63695;3434;67129
312780 Grão Mogol;113;1;114
312790 Grupiara;13;0;13
312800 Guanhães;2597;171;2768
312810 Guapé;391;14;405
312820 Guaraciaba;225;13;238
312825 Guaraciama;151;39;190
312830 Guaranésia;1550;20;1570
312840 Guarani;1237;16;1253
312850 Guarará;207;4;211
312860 Guarda-Mor;114;10;124
312870 Guaxupé;9319;131;9450
312880 Guidoval;1823;20;1843
312890 Guimarânia;196;9;205
312900 Guiricema;240;8;248
312910 Gurinhatã;945;13;958
312920 Heliodora;156;3;159
312930 Iapu;591;36;627
312940 Ibertioga;127;0;127
312950 Ibiá;3204;876;4080
312960 Ibiaí;49;7;56
312965 Ibiracatu;39;2;41
312970 Ibiraci;1725;32;1757
312980 Ibirité;29724;8652;38376
312990 Ibitiúra de Minas;211;0;211
313000 Ibituruna;160;0;160
313005 Icaraí de Minas;21;1;22
313010 Igarapé;4040;254;4294
313020 Igaratinga;1002;23;1025
313030 Iguatama;1127;881;2008
313040 Ijaci;759;81;840
313050 Ilicínea;81;3;84
313055 Imbé de Minas;51;4;55
313060 Inconfidentes;430;19;449
313065 Indaiabira;27;3;30
313070 Indianópolis;147;29;176
313080 Ingaí;55;28;83
313090 Inhapim;1281;21;1302
313100 Inhaúma;443;31;474
313110 Inimutaba;203;22;225
313115 Ipaba;1172;130;1302
313120 Ipanema;659;27;686
313130 Ipatinga;79042;2927;81969
313140 Ipiaçu;389;4;393
313150 Ipuiúna;718;5;723
313160 Iraí de Minas;227;16;243
313170 Itabira;55885;1993;57878
313180 Itabirinha;316;6;322
313190 Itabirito;19061;730;19791
313200 Itacambira;525;2;527
313210 Itacarambi;179;16;195
313220 Itaguara;777;18;795
313230 Itaipé;135;6;141
313240 Itajubá;30730;16613;47343
313250 Itamarandiba;2750;11;2761
313260 Itamarati de Minas;458;1;459
313270 Itambacuri;1146;26;1172
313280 Itambé do Mato Dentro;79;3;82
313290 Itamogi;615;3;618
313300 Itamonte;2934;414;3348
313310 Itanhandu;3361;65;3426
313320 Itanhomi;823;5;828
313330 Itaobim;598;16;614
313340 Itapagipe;1549;18;1567
313350 Itapecerica;3949;27;3976
313360 Itapeva;1322;87;1409
313370 Itatiaiuçu;690;50;740
313375 Itaú de Minas;1694;686;2380
313380 Itaúna;18862;1894;20756
313390 Itaverava;91;22;113
313400 Itinga;112;1;113
313410 Itueta;109;1;110
313420 Ituiutaba;28525;1361;29886
313430 Itumirim;682;8;690
313440 Iturama;5113;1869;6982
313450 Itutinga;486;12;498
313460 Jaboticatubas;678;60;738
313470 Jacinto;254;5;259
313480 Jacuí;311;13;324
313490 Jacutinga;2749;75;2824
313500 Jaguaraçu;226;18;244
313505 Jaíba;464;8;472
313507 Jampruca;40;0;40
313510 Janaúba;2558;129;2687
313520 Januária;2792;136;2928
313530 Japaraíba;613;2;615
313535 Japonvar;22;3;25
313540 Jeceaba;306;30;336
313545 Jenipapo de Minas;125;0;125
313550 Jequeri;571;10;581
313560 Jequitaí;98;4;102
313570 Jequitibá;234;16;250
313580 Jequitinhonha;728;15;743
313590 Jesuânia;218;2;220
313600 Joaíma;381;4;385
313610 Joanésia;158;4;162
313620 João Monlevade;20705;431;21136
313630 João Pinheiro;2650;378;3028
313640 Joaquim Felício;36;0;36
313650 Jordânia;154;3;157
313652 José Gonçalves de Minas;10;0;10
313655 José Raydan;28;3;31
313657 Josenópolis;28;0;28
313665 Juatuba;6143;400;6543
313670 Juiz de Fora;172924;23324;196248
313680 Juramento;96;2;98
313690 Juruaia;139;5;144
313695 Juvenília;7;0;7
313700 Ladainha;144;0;144
313710 Lagamar;533;34;567
313720 Lagoa da Prata;10202;118;10320
313730 Lagoa dos Patos;24;0;24
313740 Lagoa Dourada;555;14;569
313750 Lagoa Formosa;1749;18;1767
313753 Lagoa Grande;233;81;314
313760 Lagoa Santa;12519;1946;14465
313770 Lajinha;364;9;373
313780 Lambari;3286;36;3322
313790 Lamim;42;1;43
313800 Laranjal;293;11;304
313810 Lassance;67;13;80
313820 Lavras;31805;4996;36801
313830 Leandro Ferreira;170;5;175
313835 Leme do Prado;52;4;56
313840 Leopoldina;6838;2308;9146
313850 Liberdade;353;8;361
313860 Lima Duarte;1011;28;1039
313862 Limeira do Oeste;383;252;635
313865 Lontra;70;14;84
313867 Luisburgo;56;0;56
313868 Luislândia;21;0;21
313870 Luminárias;322;4;326
313880 Luz;2095;40;2135
313890 Machacalis;89;2;91
313900 Machado;10248;277;10525
313910 Madre de Deus de Minas;207;1;208
313920 Malacacheta;433;14;447
313925 Mamonas;19;3;22
313930 Manga;296;25;321
313940 Manhuaçu;8044;121;8165
313950 Manhumirim;1654;40;1694
313960 Mantena;1866;46;1912
313980 Mar de Espanha;1054;20;1074
313970 Maravilhas;366;14;380
313990 Maria da Fé;1731;461;2192
314000 Mariana;18185;992;19177
314010 Marilac;149;4;153
314015 Mário Campos;1456;240;1696
314020 Maripá de Minas;214;8;222
314030 Marliéria;206;9;215
314040 Marmelópolis;60;2;62
314050 Martinho Campos;1223;36;1259
314053 Martins Soares;110;2;112
314055 Mata Verde;63;4;67
314060 Materlândia;55;0;55
314070 Mateus Leme;5880;224;6104
317150 Mathias Lobato;33;2;35
314080 Matias Barbosa;2383;365;2748
314085 Matias Cardoso;36;0;36
314090 Matipó;489;22;511
314100 Mato Verde;201;18;219
314110 Matozinhos;7390;618;8008
314120 Matutina;99;14;113
314130 Medeiros;67;8;75
314140 Medina;372;8;380
314150 Mendes Pimentel;262;10;272
314160 Mercês;342;3;345
314170 Mesquita;459;63;522
314180 Minas Novas;673;37;710
314190 Minduri;470;8;478
314200 Mirabela;181;4;185
314210 Miradouro;315;4;319
314220 Miraí;574;17;591
314225 Miravânia;8;0;8
314230 Moeda;344;42;386
314240 Moema;266;8;274
314250 Monjolos;11;0;11
314260 Monsenhor Paulo;1151;11;1162
314270 Montalvânia;127;5;132
314280 Monte Alegre de Minas;887;41;928
314290 Monte Azul;478;11;489
314300 Monte Belo;1759;4;1763
314310 Monte Carmelo;5176;997;6173
314315 Monte Formoso;11;1;12
314320 Monte Santo de Minas;1878;40;1918
314340 Monte Sião;1769;41;1810
314330 Montes Claros;61151;5502;66653
314345 Montezuma;30;0;30
314350 Morada Nova de Minas;539;13;552
314360 Morro da Garça;57;1;58
314370 Morro do Pilar;86;9;95
314380 Munhoz;117;15;132
314390 Muriaé;18138;685;18823
314400 Mutum;392;23;415
314410 Muzambinho;3823;37;3860
314420 Nacip Raydan;47;0;47
314430 Nanuque;3082;133;3215
314435 Naque;476;63;539
314437 Natalândia;33;1;34
314440 Natércia;99;9;108
314450 Nazareno;458;17;475
314460 Nepomuceno;1522;28;1550
314465 Ninheira;16;0;16
314467 Nova Belém;16;1;17
314470 Nova Era;6456;50;6506
314480 Nova Lima;40107;10526;50633
314490 Nova Módica;80;3;83
314500 Nova Ponte;1720;311;2031
314505 Nova Porteirinha;105;9;114
314510 Nova Resende;516;0;516
314520 Nova Serrana;9058;50;9108
313660 Nova União;315;47;362
314530 Novo Cruzeiro;342;12;354
314535 Novo Oriente de Minas;90;0;90
314537 Novorizonte;1;0;1
314540 Olaria;38;18;56
314545 Olhos-d'Água;14;5;19
314550 Olímpio Noronha;431;2;433
314560 Oliveira;6180;97;6277
314570 Oliveira Fortes;97;2;99
314580 Onça de Pitangui;41;3;44
314585 Oratórios;183;1;184
314587 Orizânia;21;9;30
314590 Ouro Branco;10587;2592;13179
314600 Ouro Fino;2114;51;2165
314610 Ouro Preto;20980;3487;24467
314620 Ouro Verde de Minas;79;0;79
314625 Padre Carvalho;12;5;17
314630 Padre Paraíso;356;3;359
314655 Pai Pedro;9;0;9
314640 Paineiras;164;42;206
314650 Pains;636;6;642
314660 Paiva;45;1;46
314670 Palma;259;12;271
314675 Palmópolis;11;0;11
314690 Papagaios;1040;14;1054
314710 Pará de Minas;17475;2209;19684
314700 Paracatu;11027;1446;12473
314720 Paraguaçu;3082;47;3129
314730 Paraisópolis;7502;107;7609
314740 Paraopeba;2356;474;2830
314760 Passa Quatro;3109;85;3194
314770 Passa Tempo;578;10;588
314780 Passa-Vinte;48;10;58
314750 Passabém;79;2;81
314790 Passos;18174;6498;24672
314795 Patis;5;1;6
314800 Patos de Minas;30436;1304;31740
314810 Patrocínio;16040;250;16290
314820 Patrocínio do Muriaé;243;17;260
314830 Paula Cândido;389;12;401
314840 Paulistas;106;1;107
314850 Pavão;255;14;269
314860 Peçanha;476;26;502
314870 Pedra Azul;1467;15;1482
314875 Pedra Bonita;6;1;7
314880 Pedra do Anta;96;5;101
314890 Pedra do Indaiá;523;8;531
314900 Pedra Dourada;13;1;14
314910 Pedralva;957;229;1186
314915 Pedras de Maria da Cruz;100;56;156
314920 Pedrinópolis;124;5;129
314930 Pedro Leopoldo;17958;2040;19998
314940 Pedro Teixeira;16;0;16
314950 Pequeri;415;4;419
314960 Pequi;177;3;180
314970 Perdigão;1627;4;1631
314980 Perdizes;590;22;612
314990 Perdões;2594;239;2833
314995 Periquito;295;27;322
315000 Pescador;106;5;111
315010 Piau;194;3;197
315015 Piedade de Caratinga;48;0;48
315020 Piedade de Ponte Nova;272;6;278
315030 Piedade do Rio Grande;74;10;84
315040 Piedade dos Gerais;88;8;96
315050 Pimenta;275;22;297
315053 Pingo-d'Água;36;0;36
315057 Pintópolis;11;2;13
315060 Piracema;320;6;326
315070 Pirajuba;766;3;769
315080 Piranga;337;8;345
315090 Piranguçu;778;111;889
315100 Piranguinho;1782;479;2261
315110 Pirapetinga;1738;269;2007
315120 Pirapora;8254;1636;9890
315130 Piraúba;1903;28;1931
315140 Pitangui;3664;45;3709
315150 Piumhi;2440;38;2478
315160 Planura;1446;91;1537
315170 Poço Fundo;1969;19;1988
315180 Poços de Caldas;83800;18453;102253
315190 Pocrane;87;6;93
315200 Pompéu;1401;79;1480
315210 Ponte Nova;14165;470;14635
315213 Ponto Chique;24;6;30
315217 Ponto dos Volantes;69;1;70
315220 Porteirinha;829;39;868
315230 Porto Firme;178;27;205
315240 Poté;183;2;185
315250 Pouso Alegre;44660;8142;52802
315260 Pouso Alto;945;61;1006
315270 Prados;2174;2;2176
315280 Prata;4509;191;4700
315290 Pratápolis;908;280;1188
315300 Pratinha;121;1;122
315310 Presidente Bernardes;219;31;250
315320 Presidente Juscelino;67;1;68
315330 Presidente Kubitschek;20;3;23
315340 Presidente Olegário;642;62;704
315360 Prudente de Morais;594;98;692
315370 Quartel Geral;166;93;259
315380 Queluzito;54;6;60
315390 Raposos;3618;986;4604
315400 Raul Soares;1094;22;1116
315410 Recreio;586;34;620
315415 Reduto;148;0;148
315420 Resende Costa;774;11;785
315430 Resplendor;1761;23;1784
315440 Ressaquinha;180;2;182
315445 Riachinho;76;3;79
315450 Riacho dos Machados;103;20;123
315460 Ribeirão das Neves;36868;10549;47417
315470 Ribeirão Vermelho;1003;130;1133
315480 Rio Acima;2252;452;2704
315490 Rio Casca;1002;15;1017
315510 Rio do Prado;60;1;61
315500 Rio Doce;201;2;203
315520 Rio Espera;59;6;65
315530 Rio Manso;130;24;154
315540 Rio Novo;606;31;637
315550 Rio Paranaíba;711;6;717
315560 Rio Pardo de Minas;248;2;250
315570 Rio Piracicaba;3536;38;3574
315580 Rio Pomba;2103;31;2134
315590 Rio Preto;314;7;321
315600 Rio Vermelho;141;9;150
315610 Ritápolis;271;3;274
315620 Rochedo de Minas;141;4;145
315630 Rodeiro;3439;11;3450
315640 Romaria;94;9;103
315645 Rosário da Limeira;71;3;74
315650 Rubelita;64;0;64
315660 Rubim;178;5;183
315670 Sabará;26461;5743;32204
315680 Sabinópolis;474;8;482
315690 Sacramento;2455;91;2546
315700 Salinas;2023;47;2070
315710 Salto da Divisa;287;4;291
315720 Santa Bárbara;10084;1992;12076
315725 Santa Bárbara do Leste;150;12;162
315727 Santa Bárbara do Monte Verde;30;4;34
315730 Santa Bárbara do Tugúrio;156;1;157
315733 Santa Cruz de Minas;500;40;540
315737 Santa Cruz de Salinas;30;4;34
315740 Santa Cruz do Escalvado;85;4;89
315750 Santa Efigênia de Minas;60;9;69
315760 Santa Fé de Minas;91;1;92
315765 Santa Helena de Minas;33;1;34
315770 Santa Juliana;956;95;1051
315780 Santa Luzia;39838;10649;50487
315790 Santa Margarida;273;13;286
315800 Santa Maria de Itabira;900;39;939
315810 Santa Maria do Salto;41;0;41
315820 Santa Maria do Suaçuí;548;7;555
315920 Santa Rita de Caldas;1113;13;1126
315940 Santa Rita de Ibitipoca;43;0;43
315930 Santa Rita de Jacutinga;230;5;235
315935 Santa Rita de Minas;271;2;273
315950 Santa Rita do Itueto;48;1;49
315960 Santa Rita do Sapucaí;8756;320;9076
315970 Santa Rosa da Serra;45;22;67
315980 Santa Vitória;2435;30;2465
315830 Santana da Vargem;512;2;514
315840 Santana de Cataguases;107;7;114
315850 Santana de Pirapama;136;8;144
315860 Santana do Deserto;172;13;185
315870 Santana do Garambéu;76;1;77
315880 Santana do Jacaré;93;1;94
315890 Santana do Manhuaçu;184;2;186
315895 Santana do Paraíso;2773;312;3085
315900 Santana do Riacho;119;7;126
315910 Santana dos Montes;34;1;35
315990 Santo Antônio do Amparo;488;8;496
316000 Santo Antônio do Aventureiro;103;3;106
316010 Santo Antônio do Grama;150;0;150
316020 Santo Antônio do Itambé;23;1;24
316030 Santo Antônio do Jacinto;47;0;47
316040 Santo Antônio do Monte;4990;35;5025
316045 Santo Antônio do Retiro;10;0;10
316050 Santo Antônio do Rio Abaixo;35;0;35
316060 Santo Hipólito;37;2;39
316070 Santos Dumont;9256;275;9531
316080 São Bento Abade;33;8;41
316090 São Brás do Suaçuí;358;29;387
316095 São Domingos das Dores;18;1;19
316100 São Domingos do Prata;1173;27;1200
316105 São Félix de Minas;13;1;14
316110 São Francisco;719;52;771
316120 São Francisco de Paula;189;1;190
316130 São Francisco de Sales;418;6;424
316140 São Francisco do Glória;42;5;47
316150 São Geraldo;1296;29;1325
316160 São Geraldo da Piedade;130;2;132
316165 São Geraldo do Baixio;36;0;36
316170 São Gonçalo do Abaeté;462;14;476
316180 São Gonçalo do Pará;1415;24;1439
316190 São Gonçalo do Rio Abaixo;839;29;868
312550 São Gonçalo do Rio Preto;40;0;40
316200 São Gonçalo do Sapucaí;2109;135;2244
316210 São Gotardo;2652;127;2779
316220 São João Batista do Glória;163;8;171
316225 São João da Lagoa;8;0;8
316230 São João da Mata;78;2;80
316240 São João da Ponte;112;3;115
316245 São João das Missões;6;0;6
316250 São João del Rei;20009;1152;21161
316255 São João do Manhuaçu;333;1;334
316257 São João do Manteninha;64;0;64
316260 São João do Oriente;180;3;183
316270 São João do Paraíso;150;12;162
316280 São João Evangelista;607;26;633
316290 São João Nepomuceno;3192;56;3248
316292 São Joaquim de Bicas;5598;404;6002
316294 São José da Barra;319;105;424
316295 São José da Lapa;3140;815;3955
316300 São José da Safira;70;0;70
316310 São José da Varginha;106;9;115
316320 São José do Alegre;718;109;827
316330 São José do Divino;137;0;137
316340 São José do Goiabal;197;6;203
316350 São José do Jacuri;103;10;113
316360 São José do Mantimento;14;4;18
316370 São Lourenço;15278;3205;18483
316380 São Miguel do Anta;342;4;346
316390 São Pedro da União;93;0;93
316410 São Pedro do Suaçuí;107;14;121
316400 São Pedro dos Ferros;263;5;268
316420 São Romão;39;2;41
316430 São Roque de Minas;112;3;115
316440 São Sebastião da Bela Vista;121;5;126
316443 São Sebastião da Vargem Alegre;50;1;51
316447 São Sebastião do Anta;23;4;27
316450 São Sebastião do Maranhão;52;3;55
316460 São Sebastião do Oeste;1234;2;1236
316470 São Sebastião do Paraíso;19444;6543;25987
316480 São Sebastião do Rio Preto;47;8;55
316490 São Sebastião do Rio Verde;66;13;79
316520 São Thomé das Letras;72;20;92
316500 São Tiago;972;16;988
316510 São Tomás de Aquino;421;32;453
316530 São Vicente de Minas;487;20;507
316540 Sapucaí-Mirim;83;4;87
316550 Sardoá;100;7;107
316553 Sarzedo;6016;898;6914
316556 Sem-Peixe;31;0;31
316557 Senador Amaral;61;0;61
316560 Senador Cortes;71;8;79
316570 Senador Firmino;1358;4;1362
316580 Senador José Bento;20;0;20
316590 Senador Modestino Gonçalves;60;0;60
316600 Senhora de Oliveira;108;20;128
316610 Senhora do Porto;61;1;62
316620 Senhora dos Remédios;121;6;127
316630 Sericita;60;0;60
316640 Seritinga;59;3;62
316650 Serra Azul de Minas;41;0;41
316660 Serra da Saudade;20;0;20
316680 Serra do Salitre;1978;11;1989
316670 Serra dos Aimorés;176;457;633
316690 Serrania;870;9;879
316695 Serranópolis de Minas;8;0;8
316700 Serranos;89;1;90
316710 Serro;696;40;736
316720 Sete Lagoas;69706;5052;74758
316555 Setubinha;21;3;24
316730 Silveirânia;152;0;152
316740 Silvianópolis;521;25;546
316750 Simão Pereira;278;8;286
316760 Simonésia;357;6;363
316770 Sobrália;228;9;237
316780 Soledade de Minas;774;86;860
316790 Tabuleiro;125;6;131
316800 Taiobeiras;677;26;703
316805 Taparuba;1;0;1
316810 Tapira;598;1018;1616
316820 Tapiraí;31;1;32
316830 Taquaraçu de Minas;88;13;101
316840 Tarumirim;470;5;475
316850 Teixeiras;984;22;1006
316860 Teófilo Otoni;18751;396;19147
316870 Timóteo;24333;1133;25466
316880 Tiradentes;819;43;862
316890 Tiros;1297;6;1303
316900 Tocantins;5991;123;6114
316905 Tocos do Moji;29;0;29
316910 Toledo;147;7;154
316920 Tombos;596;70;666
316930 Três Corações;17727;6415;24142
316935 Três Marias;5481;1534;7015
316940 Três Pontas;10633;98;10731
316950 Tumiritinga;261;1;262
316960 Tupaciguara;1841;185;2026
316970 Turmalina;487;70;557
316980 Turvolândia;71;0;71
316990 Ubá;38881;2513;41394
317000 Ubaí;34;5;39
317005 Ubaporanga;318;7;325
317010 Uberaba;76744;17302;94046
317020 Uberlândia;218084;70043;288127
317030 Umburatiba;36;0;36
317040 Unaí;13138;197;13335
317043 União de Minas;46;14;60
317047 Uruana de Minas;118;3;121
317050 Urucânia;757;9;766
317052 Urucuia;99;2;101
317057 Vargem Alegre;150;2;152
317060 Vargem Bonita;26;0;26
317065 Vargem Grande do Rio Pardo;23;0;23
317070 Varginha;56000;6175;62175
317075 Varjão de Minas;181;1;182
317080 Várzea da Palma;2633;29;2662
317090 Varzelândia;92;10;102
317100 Vazante;3455;23;3478
317103 Verdelândia;13;0;13
317107 Veredinha;144;2;146
317110 Veríssimo;170;0;170
317115 Vermelho Novo;36;7;43
317120 Vespasiano;15676;3505;19181
317130 Viçosa;24456;571;25027
317140 Vieiras;39;2;41
317160 Virgem da Lapa;147;4;151
317170 Virgínia;625;4;629
317180 Virginópolis;647;86;733
317190 Virgolândia;162;0;162
317200 Visconde do Rio Branco;6819;25;6844
317210 Volta Grande;422;52;474
317220 Wenceslau Braz;202;128;330
310000 Município ignorado - MG;34080;8519;42599
320010 Afonso Cláudio;2250;150;2400
320016 Água Doce do Norte;276;9;285
320013 Águia Branca;584;10;594
320020 Alegre;3572;316;3888
320030 Alfredo Chaves;1246;33;1279
320035 Alto Rio Novo;241;24;265
320040 Anchieta;4312;515;4827
320050 Apiacá;552;53;605
320060 Aracruz;19398;2678;22076
320070 Atilio Vivacqua;600;59;659
320080 Baixo Guandu;2668;188;2856
320090 Barra de São Francisco;5635;366;6001
320100 Boa Esperança;700;22;722
320110 Bom Jesus do Norte;1155;210;1365
320115 Brejetuba;273;4;277
320120 Cachoeiro de Itapemirim;45749;6578;52327
320130 Cariacica;95133;16596;111729
320140 Castelo;4338;254;4592
320150 Colatina;30161;12965;43126
320160 Conceição da Barra;1303;206;1509
320170 Conceição do Castelo;711;114;825
320180 Divino de São Lourenço;417;20;437
320190 Domingos Martins;3004;102;3106
320200 Dores do Rio Preto;132;3;135
320210 Ecoporanga;1729;82;1811
320220 Fundão;3141;198;3339
320225 Governador Lindenberg;616;10;626
320230 Guaçuí;2000;344;2344
320240 Guarapari;21353;2576;23929
320245 Ibatiba;591;11;602
320250 Ibiraçu;2214;80;2294
320255 Ibitirama;95;3;98
320260 Iconha;2557;347;2904
320265 Irupi;248;9;257
320270 Itaguaçu;865;30;895
320280 Itapemirim;1795;192;1987
320290 Itarana;978;98;1076
320300 Iúna;1181;57;1238
320305 Jaguaré;987;90;1077
320310 Jerônimo Monteiro;672;39;711
320313 João Neiva;5117;202;5319
320316 Laranja da Terra;221;12;233
320320 Linhares;33867;2748;36615
320330 Mantenópolis;404;12;416
320332 Marataízes;2509;178;2687
320334 Marechal Floriano;1308;123;1431
320335 Marilândia;1260;15;1275
320340 Mimoso do Sul;2104;123;2227
320350 Montanha;717;44;761
320360 Mucurici;114;10;124
320370 Muniz Freire;715;32;747
320380 Muqui;1255;123;1378
320390 Nova Venécia;5971;534;6505
320400 Pancas;1199;51;1250
320405 Pedro Canário;1429;426;1855
320410 Pinheiros;1124;61;1185
320420 Piúma;1732;188;1920
320425 Ponto Belo;86;2;88
320430 Presidente Kennedy;458;30;488
320435 Rio Bananal;688;24;712
320440 Rio Novo do Sul;1171;147;1318
320450 Santa Leopoldina;507;65;572
320455 Santa Maria de Jetibá;1493;43;1536
320460 Santa Teresa;2910;424;3334
320465 São Domingos do Norte;1134;25;1159
320470 São Gabriel da Palha;3780;143;3923
320480 São José do Calçado;933;52;985
320490 São Mateus;17074;5676;22750
320495 São Roque do Canaã;1531;37;1568
320500 Serra;137044;21383;158427
320501 Sooretama;1166;84;1250
320503 Vargem Alta;1496;105;1601
320506 Venda Nova do Imigrante;2627;903;3530
320510 Viana;11554;1150;12704
320515 Vila Pavão;305;8;313
320517 Vila Valério;758;18;776
320520 Vila Velha;189538;22582;212120
320530 Vitória;233960;39469;273429
320000 Município ignorado - ES;2359;7296;9655
330010 Angra dos Reis;41310;7913;49223
330015 Aperibé;595;62;657
330020 Araruama;17307;2789;20096
330022 Areal;1574;672;2246
330023 Armação dos Búzios;2202;513;2715
330025 Arraial do Cabo;3737;1027;4764
330030 Barra do Piraí;21113;2536;23649
330040 Barra Mansa;48472;12219;60691
330045 Belford Roxo;65430;15040;80470
330050 Bom Jardim;2653;146;2799
330060 Bom Jesus do Itabapoana;6685;873;7558
330070 Cabo Frio;26241;6118;32359
330080 Cachoeiras de Macacu;5179;1816;6995
330090 Cambuci;1101;146;1247
330100 Campos dos Goytacazes;93705;18918;112623
330110 Cantagalo;2695;317;3012
330093 Carapebus;1338;902;2240
330115 Cardoso Moreira;1005;457;1462
330120 Carmo;1242;112;1354
330130 Casimiro de Abreu;4635;3159;7794
330095 Comendador Levy Gasparian;634;139;773
330140 Conceição de Macabu;2885;1377;4262
330150 Cordeiro;2740;588;3328
330160 Duas Barras;571;46;617
330170 Duque de Caxias;174743;75087;249830
330180 Engenheiro Paulo de Frontin;758;87;845
330185 Guapimirim;5716;3175;8891
330187 Iguaba Grande;2734;601;3335
330190 Itaboraí;25043;7668;32711
330200 Itaguaí;22978;3611;26589
330205 Italva;1142;805;1947
330210 Itaocara;2652;305;2957
330220 Itaperuna;14689;4532;19221
330225 Itatiaia;7274;3363;10637
330227 Japeri;4536;777;5313
330230 Laje do Muriaé;481;281;762
330240 Macaé;108051;60823;168874
330245 Macuco;1281;104;1385
330250 Magé;26301;10325;36626
330260 Mangaratiba;6303;883;7186
330270 Maricá;22043;8241;30284
330280 Mendes;1905;210;2115
330285 Mesquita;22604;3400;26004
330290 Miguel Pereira;4144;773;4917
330300 Miracema;2997;501;3498
330310 Natividade;1416;451;1867
330320 Nilópolis;39962;7433;47395
330330 Niterói;297849;72757;370606
330340 Nova Friburgo;38510;3396;41906
330350 Nova Iguaçu;147554;24365;171919
330360 Paracambi;5510;1180;6690
330370 Paraíba do Sul;4708;618;5326
330380 Parati;3437;391;3828
330385 Paty do Alferes;1361;160;1521
330390 Petrópolis;85663;23560;109223
330395 Pinheiral;3410;513;3923
330400 Piraí;4799;777;5576
330410 Porciúncula;1463;287;1750
330411 Porto Real;8192;5331;13523
330412 Quatis;2065;958;3023
330414 Queimados;26730;6206;32936
330415 Quissamã;1479;679;2158
330420 Resende;36362;16076;52438
330430 Rio Bonito;7957;2904;10861
330440 Rio Claro;9968;555;10523
330450 Rio das Flores;654;676;1330
330452 Rio das Ostras;23541;8630;32171
330455 Rio de Janeiro;3154283;823031;3977314
330460 Santa Maria Madalena;784;326;1110
330470 Santo Antônio de Pádua;4771;331;5102
330480 São Fidélis;3429;667;4096
330475 São Francisco de Itabapoana;1182;206;1388
330490 São Gonçalo;234329;66488;300817
330500 São João da Barra;2330;486;2816
330510 São João de Meriti;82384;31409;113793
330513 São José de Ubá;213;33;246
330515 São José do Vale do Rio Preto;1356;348;1704
330520 São Pedro da Aldeia;9590;1672;11262
330530 São Sebastião do Alto;349;9;358
330540 Sapucaia;2118;153;2271
330550 Saquarema;7424;1464;8888
330555 Seropédica;8688;669;9357
330560 Silva Jardim;979;432;1411
330570 Sumidouro;414;50;464
330575 Tanguá;1625;802;2427
330580 Teresópolis;39415;8412;47827
330590 Trajano de Moraes;421;80;501
330600 Três Rios;13171;3144;16315
330610 Valença;9754;667;10421
330615 Varre-Sai;317;49;366
330620 Vassouras;4244;726;4970
330630 Volta Redonda;110236;13145;123381
330000 Município ignorado - RJ;18838;60235;79073
350010 Adamantina;5932;820;6752
350020 Adolfo;377;19;396
350030 Aguaí;6205;489;6694
350040 Águas da Prata;1340;325;1665
350050 Águas de Lindóia;2204;78;2282
350055 Águas de Santa Bárbara;707;383;1090
350060 Águas de São Pedro;1290;292;1582
350070 Agudos;5723;1447;7170
350075 Alambari;418;186;604
350080 Alfredo Marcondes;804;8;812
350090 Altair;232;17;249
350100 Altinópolis;1790;369;2159
350110 Alto Alegre;253;12;265
350115 Alumínio;14330;374;14704
350120 Álvares Florence;241;33;274
350130 Álvares Machado;4372;243;4615
350140 Álvaro de Carvalho;101;19;120
350150 Alvinlândia;90;2;92
350160 Americana;112690;30501;143191
350170 Américo Brasiliense;14347;1111;15458
350180 Américo de Campos;504;39;543
350190 Amparo;26787;6209;32996
350200 Analândia;441;39;480
350210 Andradina;9860;606;10466
350220 Angatuba;2679;816;3495
350230 Anhembi;162;29;191
350240 Anhumas;545;13;558
350250 Aparecida;6194;380;6574
350260 Aparecida d'Oeste;232;30;262
350270 Apiaí;1148;847;1995
350275 Araçariguama;4708;1623;6331
350280 Araçatuba;43232;4358;47590
350290 Araçoiaba da Serra;4527;435;4962
350300 Aramina;600;74;674
350310 Arandu;183;188;371
350315 Arapeí;67;19;86
350320 Araraquara;108162;21092;129254
350330 Araras;51987;10582;62569
350335 Arco-Íris;27;2;29
350340 Arealva;591;23;614
350350 Areias;240;53;293
350360 Areiópolis;2308;59;2367
350370 Ariranha;1977;148;2125
350380 Artur Nogueira;13494;3731;17225
350390 Arujá;30201;4653;34854
350395 Aspásia;59;7;66
350400 Assis;17258;1236;18494
350410 Atibaia;56892;7178;64070
350420 Auriflama;2451;120;2571
350430 Avaí;416;18;434
350440 Avanhandava;780;126;906
350450 Avaré;12399;10178;22577
350460 Bady Bassitt;3734;758;4492
350470 Balbinos;192;47;239
350480 Bálsamo;1987;165;2152
350490 Bananal;1082;51;1133
350500 Barão de Antonina;40;6;46
350510 Barbosa;309;30;339
350520 Bariri;5362;48;5410
350530 Barra Bonita;5164;200;5364
350535 Barra do Chapéu;42;2;44
350540 Barra do Turvo;94;10;104
350550 Barretos;29655;3443;33098
350560 Barrinha;10887;878;11765
350570 Barueri;140403;409646;550049
350580 Bastos;2085;45;2130
350590 Batatais;13077;1130;14207
350600 Bauru;131088;12286;143374
350610 Bebedouro;30521;8474;38995
350620 Bento de Abreu;75;12;87
350630 Bernardino de Campos;715;67;782
350635 Bertioga;7001;875;7876
350640 Bilac;653;26;679
350650 Birigui;19330;710;20040
350660 Biritiba-Mirim;3323;464;3787
350670 Boa Esperança do Sul;1736;80;1816
350680 Bocaina;752;43;795
350690 Bofete;803;295;1098
350700 Boituva;15892;1285;17177
350710 Bom Jesus dos Perdões;3587;369;3956
350715 Bom Sucesso de Itararé;31;315;346
350720 Borá;97;2;99
350730 Boracéia;294;115;409
350740 Borborema;1756;22;1778
350745 Borebi;201;7;208
350750 Botucatu;35465;12784;48249
350760 Bragança Paulista;52105;6134;58239
350770 Braúna;272;60;332
350775 Brejo Alegre;160;1609;1769
350780 Brodowski;4756;1011;5767
350790 Brotas;3539;151;3690
350800 Buri;629;95;724
350810 Buritama;1833;92;1925
350820 Buritizal;1545;31;1576
350830 Cabrália Paulista;309;15;324
350840 Cabreúva;13283;1481;14764
350850 Caçapava;32940;16225;49165
350860 Cachoeira Paulista;6836;945;7781
350870 Caconde;3012;76;3088
350880 Cafelândia;3409;1113;4522
350890 Caiabu;148;7;155
350900 Caieiras;35677;5270;40947
350910 Caiuá;181;17;198
350920 Cajamar;28684;7853;36537
350925 Cajati;4312;1883;6195
350930 Cajobi;1448;37;1485
350940 Cajuru;4418;148;4566
350945 Campina do Monte Alegre;1471;70;1541
350950 Campinas;541430;159218;700648
350960 Campo Limpo Paulista;27002;10336;37338
350970 Campos do Jordão;7637;1729;9366
350980 Campos Novos Paulista;110;4;114
350990 Cananéia;604;33;637
350995 Canas;319;98;417
351000 Cândido Mota;2112;74;2186
351010 Cândido Rodrigues;658;15;673
351015 Canitar;420;68;488
351020 Capão Bonito;3045;400;3445
351030 Capela do Alto;1324;235;1559
351040 Capivari;18310;3858;22168
351050 Caraguatatuba;21277;4739;26016
351060 Carapicuíba;130074;27303;157377
351070 Cardoso;847;116;963
351080 Casa Branca;5560;273;5833
351090 Cássia dos Coqueiros;157;1;158
351100 Castilho;2749;30;2779
351110 Catanduva;38635;11017;49652
351120 Catiguá;3080;498;3578
351130 Cedral;1892;204;2096
351140 Cerqueira César;1446;505;1951
351150 Cerquilho;11487;2541;14028
351160 Cesário Lange;1458;205;1663
351170 Charqueada;4759;2678;7437
355720 Chavantes;1336;60;1396
351190 Clementina;307;13;320
351200 Colina;4147;408;4555
351210 Colômbia;867;34;901
351220 Conchal;5281;733;6014
351230 Conchas;816;87;903
351240 Cordeirópolis;7979;585;8564
351250 Coroados;473;17;490
351260 Coronel Macedo;98;4;102
351270 Corumbataí;809;135;944
351280 Cosmópolis;18718;7634;26352
351290 Cosmorama;823;125;948
351300 Cotia;73243;17558;90801
351310 Cravinhos;11574;2120;13694
351320 Cristais Paulista;1320;30;1350
351330 Cruzália;84;15;99
351340 Cruzeiro;38801;2889;41690
351350 Cubatão;65456;14851;80307
351360 Cunha;647;36;683
351370 Descalvado;8148;2128;10276
351380 Diadema;189748;38060;227808
351385 Dirce Reis;102;11;113
351390 Divinolândia;1057;34;1091
351400 Dobrada;2250;96;2346
351410 Dois Córregos;3255;77;3332
351420 Dolcinópolis;87;23;110
351430 Dourado;856;314;1170
351440 Dracena;8128;126;8254
351450 Duartina;1827;41;1868
351460 Dumont;3006;675;3681
351470 Echaporã;827;16;843
351480 Eldorado;816;28;844
351490 Elias Fausto;3826;777;4603
351492 Elisiário;640;87;727
351495 Embaúba;404;28;432
351500 Embu;63803;11742;75545
351510 Embu-Guaçu;9612;2523;12135
351512 Emilianópolis;276;9;285
351515 Engenheiro Coelho;2240;165;2405
351518 Espírito Santo do Pinhal;18409;427;18836
351519 Espírito Santo do Turvo;52;23;75
355730 Estiva Gerbi;2770;524;3294
351520 Estrela d'Oeste;517;703;1220
351530 Estrela do Norte;802;8;810
351535 Euclides da Cunha Paulista;216;17;233
351540 Fartura;616;48;664
351560 Fernando Prestes;1562;23;1585
351550 Fernandópolis;14328;7907;22235
351565 Fernão;18;1;19
351570 Ferraz de Vasconcelos;30921;4417;35338
351580 Flora Rica;75;3;78
351590 Floreal;655;17;672
351600 Flórida Paulista;366;29;395
351610 Florínia;59;4;63
351620 Franca;104903;11022;115925
351630 Francisco Morato;26732;3679;30411
351640 Franco da Rocha;31907;4531;36438
351650 Gabriel Monteiro;145;2;147
351660 Gália;576;12;588
351670 Garça;5047;176;5223
351680 Gastão Vidigal;573;34;607
351685 Gavião Peixoto;1222;160;1382
351690 General Salgado;1950;66;2016
351700 Getulina;2121;611;2732
351710 Glicério;445;13;458
351720 Guaiçara;3371;1588;4959
351730 Guaimbê;821;251;1072
351740 Guaíra;9453;2976;12429
351750 Guapiaçu;4531;702;5233
351760 Guapiara;244;36;280
351770 Guará;7155;1181;8336
351780 Guaraçaí;645;25;670
351790 Guaraci;1424;45;1469
351800 Guarani d'Oeste;74;28;102
351810 Guarantã;631;78;709
351820 Guararapes;2878;171;3049
351830 Guararema;4979;1782;6761
351840 Guaratinguetá;26707;3652;30359
351850 Guareí;331;34;365
351860 Guariba;15795;929;16724
351870 Guarujá;99494;14796;114290
351880 Guarulhos;517082;102542;619624
351885 Guatapará;1374;248;1622
351890 Guzolândia;763;12;775
351900 Herculândia;594;22;616
351905 Holambra;3411;465;3876
351907 Hortolândia;48723;16892;65615
351910 Iacanga;822;104;926
351920 Iacri;366;13;379
351925 Iaras;331;362;693
351930 Ibaté;5753;760;6513
351940 Ibirá;1606;74;1680
351950 Ibirarema;454;28;482
351960 Ibitinga;12532;2548;15080
351970 Ibiúna;7142;597;7739
351980 Icém;1353;53;1406
351990 Iepê;803;48;851
352000 Igaraçu do Tietê;1497;33;1530
352010 Igarapava;6075;620;6695
352020 Igaratá;823;55;878
352030 Iguape;2361;46;2407
352042 Ilha Comprida;428;40;468
352044 Ilha Solteira;6922;2156;9078
352040 Ilhabela;2325;130;2455
352050 Indaiatuba;77493;29829;107322
352060 Indiana;587;16;603
352070 Indiaporã;349;71;420
352080 Inúbia Paulista;191;7;198
352090 Ipaussu;2801;48;2849
352100 Iperó;4831;160;4991
352110 Ipeúna;1638;162;1800
352115 Ipiguá;543;94;637
352120 Iporanga;144;7;151
352130 Ipuã;4531;1582;6113
352140 Iracemápolis;10501;838;11339
352150 Irapuã;446;14;460
352160 Irapuru;704;22;726
352170 Itaberá;355;89;444
352180 Itaí;1432;566;1998
352190 Itajobi;2125;153;2278
352200 Itaju;169;17;186
352210 Itanhaém;11964;1297;13261
352215 Itaóca;58;1;59
352220 Itapecerica da Serra;33444;8675;42119
352230 Itapetininga;24069;3713;27782
352240 Itapeva;10805;3727;14532
352250 Itapevi;48635;11020;59655
352260 Itapira;18330;2785;21115
352265 Itapirapuã Paulista;62;6;68
352270 Itápolis;5465;341;5806
352280 Itaporanga;433;46;479
352290 Itapuí;810;24;834
352300 Itapura;280;29;309
352310 Itaquaquecetuba;70220;9069;79289
352320 Itararé;2357;236;2593
352330 Itariri;1429;139;1568
352340 Itatiba;37329;5409;42738
352350 Itatinga;2763;812;3575
352360 Itirapina;1706;382;2088
352370 Itirapuã;806;13;819
352380 Itobi;1312;214;1526
352390 Itu;59995;10250;70245
352400 Itupeva;17568;2944;20512
352410 Ituverava;10246;2640;12886
352420 Jaborandi;990;46;1036
352430 Jaboticabal;35197;6602;41799
352440 Jacareí;88356;30595;118951
352450 Jaci;1864;105;1969
352460 Jacupiranga;1384;90;1474
352470 Jaguariúna;15216;5217;20433
352480 Jales;6938;1212;8150
352490 Jambeiro;2200;374;2574
352500 Jandira;32345;7541;39886
352510 Jardinópolis;10884;2114;12998
352520 Jarinu;4224;470;4694
352530 Jaú;21014;916;21930
352540 Jeriquara;424;25;449
352550 Joanópolis;1833;45;1878
352560 João Ramalho;959;2;961
352570 José Bonifácio;6597;532;7129
352580 Júlio Mesquita;231;21;252
352585 Jumirim;367;153;520
352590 Jundiaí;239183;56485;295668
352600 Junqueirópolis;2054;37;2091
352610 Juquiá;1497;38;1535
352620 Juquitiba;2187;223;2410
352630 Lagoinha;189;33;222
352640 Laranjal Paulista;5266;2302;7568
352650 Lavínia;323;20;343
352660 Lavrinhas;905;87;992
352670 Leme;29046;2532;31578
352680 Lençóis Paulista;22909;1834;24743
352690 Limeira;112970;19735;132705
352700 Lindóia;438;26;464
352710 Lins;37799;14537;52336
352720 Lorena;22101;6119;28220
352725 Lourdes;244;5;249
352730 Louveira;15564;4652;20216
352740 Lucélia;1266;48;1314
352750 Lucianópolis;106;0;106
352760 Luís Antônio;1595;481;2076
352770 Luiziânia;169;18;187
352780 Lupércio;218;12;230
352790 Lutécia;102;4;106
352800 Macatuba;2493;403;2896
352810 Macaubal;1168;127;1295
352820 Macedônia;190;245;435
352830 Magda;414;15;429
352840 Mairinque;15631;1679;17310
352850 Mairiporã;18186;2416;20602
352860 Manduri;378;136;514
352870 Marabá Paulista;135;6;141
352880 Maracaí;587;39;626
352885 Marapoama;343;96;439
352890 Mariápolis;100;4;104
352900 Marília;67757;8655;76412
352910 Marinópolis;53;7;60
352920 Martinópolis;2758;97;2855
352930 Matão;35964;4673;40637
352940 Mauá;173174;33563;206737
352950 Mendonça;615;34;649
352960 Meridiano;460;216;676
352965 Mesópolis;69;13;82
352970 Miguelópolis;2435;185;2620
352980 Mineiros do Tietê;672;15;687
353000 Mira Estrela;174;100;274
352990 Miracatu;889;20;909
353010 Mirandópolis;2484;93;2577
353020 Mirante do Paranapanema;1386;93;1479
353030 Mirassol;17530;2171;19701
353040 Mirassolândia;417;49;466
353050 Mococa;23697;1289;24986
353060 Mogi das Cruzes;142092;33242;175334
353070 Mogi Guaçu;57357;8543;65900
353080 Moji Mirim;29270;5115;34385
353090 Mombuca;608;226;834
353100 Monções;406;26;432
353110 Mongaguá;5875;535;6410
353120 Monte Alegre do Sul;1234;204;1438
353130 Monte Alto;22707;4565;27272
353140 Monte Aprazível;5799;603;6402
353150 Monte Azul Paulista;5407;627;6034
353160 Monte Castelo;408;18;426
353180 Monte Mor;12166;3223;15389
353170 Monteiro Lobato;380;198;578
353190 Morro Agudo;8969;327;9296
353200 Morungaba;3536;94;3630
353205 Motuca;1780;142;1922
353210 Murutinga do Sul;339;18;357
353215 Nantes;129;8;137
353220 Narandiba;901;67;968
353230 Natividade da Serra;257;67;324
353240 Nazaré Paulista;1393;67;1460
353250 Neves Paulista;2368;191;2559
353260 Nhandeara;2315;139;2454
353270 Nipoã;577;15;592
353280 Nova Aliança;867;65;932
353282 Nova Campina;575;27;602
353284 Nova Canaã Paulista;29;2;31
353286 Nova Castilho;114;0;114
353290 Nova Europa;4174;87;4261
353300 Nova Granada;3400;922;4322
353310 Nova Guataporanga;127;3;130
353320 Nova Independência;583;22;605
353330 Nova Luzitânia;293;56;349
353340 Nova Odessa;28697;4695;33392
353325 Novais;462;66;528
353350 Novo Horizonte;6614;224;6838
353360 Nuporanga;2346;56;2402
353370 Ocauçu;270;21;291
353380 Óleo;84;16;100
353390 Olímpia;15559;1668;17227
353400 Onda Verde;866;314;1180
353410 Oriente;1727;77;1804
353420 Orindiúva;4384;27;4411
353430 Orlândia;22025;4267;26292
353440 Osasco;326263;101670;427933
353450 Oscar Bressane;210;8;218
353460 Osvaldo Cruz;6662;181;6843
353470 Ourinhos;17995;1428;19423
353480 Ouro Verde;434;16;450
353475 Ouroeste;701;304;1005
353490 Pacaembu;725;29;754
353500 Palestina;1905;297;2202
353510 Palmares Paulista;4152;1324;5476
353520 Palmeira d'Oeste;451;24;475
353530 Palmital;1462;58;1520
353540 Panorama;807;29;836
353550 Paraguaçu Paulista;4260;95;4355
353560 Paraibuna;2596;603;3199
353570 Paraíso;1575;270;1845
353580 Paranapanema;1258;172;1430
353590 Paranapuã;155;19;174
353600 Parapuã;2045;12;2057
353610 Pardinho;288;135;423
353620 Pariquera-Açu;1102;94;1196
353625 Parisi;209;24;233
353630 Patrocínio Paulista;2166;52;2218
353640 Paulicéia;201;2;203
353650 Paulínia;32451;13636;46087
353657 Paulistânia;31;2;33
353660 Paulo de Faria;1345;102;1447
353670 Pederneiras;10222;1028;11250
353680 Pedra Bela;397;14;411
353690 Pedranópolis;374;90;464
353700 Pedregulho;3149;120;3269
353710 Pedreira;11280;1386;12666
353715 Pedrinhas Paulista;264;5;269
353720 Pedro de Toledo;856;53;909
353730 Penápolis;10198;1268;11466
353740 Pereira Barreto;4158;148;4306
353750 Pereiras;247;150;397
353760 Peruíbe;10284;1216;11500
353770 Piacatu;476;15;491
353780 Piedade;4236;853;5089
353790 Pilar do Sul;1297;54;1351
353800 Pindamonhangaba;41904;10752;52656
353810 Pindorama;3913;712;4625
353820 Pinhalzinho;2080;243;2323
353830 Piquerobi;333;16;349
353850 Piquete;2396;374;2770
353860 Piracaia;5191;263;5454
353870 Piracicaba;181815;59253;241068
353880 Piraju;2813;851;3664
353890 Pirajuí;3947;1012;4959
353900 Pirangi;1765;52;1817
353910 Pirapora do Bom Jesus;2418;531;2949
353920 Pirapozinho;5106;413;5519
353930 Pirassununga;21573;7253;28826
353940 Piratininga;2413;157;2570
353950 Pitangueiras;12499;3229;15728
353960 Planalto;621;103;724
353970 Platina;300;11;311
353980 Poá;31460;6402;37862
353990 Poloni;1073;42;1115
354000 Pompéia;8901;101;9002
354010 Pongaí;615;28;643
354020 Pontal;12992;2423;15415
354025 Pontalinda;75;10;85
354030 Pontes Gestal;714;7;721
354040 Populina;183;27;210
354050 Porangaba;425;44;469
354060 Porto Feliz;10694;1279;11973
354070 Porto Ferreira;23994;2941;26935
354075 Potim;749;86;835
354080 Potirendaba;4648;229;4877
354085 Pracinha;16;1;17
354090 Pradópolis;10719;1408;12127
354100 Praia Grande;72764;9099;81863
354105 Pratânia;321;9;330
354110 Presidente Alves;301;31;332
354120 Presidente Bernardes;2395;105;2500
354130 Presidente Epitácio;6289;148;6437
354140 Presidente Prudente;71526;5404;76930
354150 Presidente Venceslau;7340;415;7755
354160 Promissão;7723;4523;12246
354165 Quadra;84;39;123
354170 Quatá;4021;38;4059
354180 Queiroz;41;1;42
354190 Queluz;1052;323;1375
354200 Quintana;1518;22;1540
354210 Rafard;2712;1164;3876
354220 Rancharia;4711;138;4849
354230 Redenção da Serra;200;55;255
354240 Regente Feijó;3615;87;3702
354250 Reginópolis;630;11;641
354260 Registro;10076;609;10685
354270 Restinga;1022;26;1048
354280 Ribeira;102;6;108
354290 Ribeirão Bonito;1591;186;1777
354300 Ribeirão Branco;379;126;505
354310 Ribeirão Corrente;422;10;432
354320 Ribeirão do Sul;149;14;163
354323 Ribeirão dos Índios;145;4;149
354325 Ribeirão Grande;402;77;479
354330 Ribeirão Pires;56104;8730;64834
354340 Ribeirão Preto;222161;68687;290848
354360 Rifaina;681;8;689
354370 Rincão;3993;229;4222
354380 Rinópolis;458;17;475
354390 Rio Claro;76567;20579;97146
354400 Rio das Pedras;9256;4573;13829
354410 Rio Grande da Serra;13076;2295;15371
354420 Riolândia;554;55;609
354350 Riversul;100;23;123
354425 Rosana;1455;38;1493
354430 Roseira;1136;327;1463
354440 Rubiácea;58;0;58
354450 Rubinéia;141;10;151
354460 Sabino;1781;418;2199
354470 Sagres;115;4;119
354480 Sales;324;27;351
354490 Sales Oliveira;3951;176;4127
354500 Salesópolis;1761;190;1951
354510 Salmourão;77;5;82
354515 Saltinho;2197;467;2664
354520 Salto;32500;8626;41126
354530 Salto de Pirapora;6941;1583;8524
354540 Salto Grande;451;1778;2229
354550 Sandovalina;777;8;785
354560 Santa Adélia;3322;119;3441
354570 Santa Albertina;543;31;574
354580 Santa Bárbara d'Oeste;66712;10631;77343
354600 Santa Branca;2804;1358;4162
354610 Santa Clara d'Oeste;64;2;66
354620 Santa Cruz da Conceição;572;57;629
354625 Santa Cruz da Esperança;114;1;115
354630 Santa Cruz das Palmeiras;4492;80;4572
354640 Santa Cruz do Rio Pardo;6771;288;7059
354650 Santa Ernestina;1976;56;2032
354660 Santa Fé do Sul;3723;279;4002
354670 Santa Gertrudes;6521;1041;7562
354680 Santa Isabel;6871;899;7770
354690 Santa Lúcia;3578;149;3727
354700 Santa Maria da Serra;396;94;490
354710 Santa Mercedes;106;6;112
354740 Santa Rita d'Oeste;44;9;53
354750 Santa Rita do Passa Quatro;9946;140;10086
354760 Santa Rosa de Viterbo;6856;657;7513
354765 Santa Salete;132;12;144
354720 Santana da Ponte Pensa;55;13;68
354730 Santana de Parnaíba;43383;20499;63882
354770 Santo Anastácio;3779;77;3856
354780 Santo André;395829;79904;475733
354790 Santo Antônio da Alegria;269;7;276
354800 Santo Antônio de Posse;2244;675;2919
354805 Santo Antônio do Aracanguá;132;8;140
354810 Santo Antônio do Jardim;1038;37;1075
354820 Santo Antônio do Pinhal;387;62;449
354830 Santo Expedito;379;20;399
354840 Santópolis do Aguapeí;113;5;118
354850 Santos;275364;39396;314760
354860 São Bento do Sapucaí;525;327;852
354870 São Bernardo do Campo;432852;88692;521544
354880 São Caetano do Sul;160136;14396;174532
354890 São Carlos;85477;23234;108711
354900 São Francisco;426;147;573
354910 São João da Boa Vista;28733;6454;35187
354920 São João das Duas Pontes;98;84;182
354925 São João de Iracema;152;1;153
354930 São João do Pau d'Alho;45;1;46
354940 São Joaquim da Barra;22713;892;23605
354950 São José da Bela Vista;1517;13;1530
354960 São José do Barreiro;273;27;300
354970 São José do Rio Pardo;17991;5053;23044
354980 São José do Rio Preto;168895;28321;197216
354990 São José dos Campos;314113;96784;410897
354995 São Lourenço da Serra;3350;1060;4410
355000 São Luís do Paraitinga;871;131;1002
355010 São Manuel;12395;930;13325
355020 São Miguel Arcanjo;1582;114;1696
355030 São Paulo;6204713;1563519;7768232
355040 São Pedro;7219;2796;10015
355050 São Pedro do Turvo;12591;56;12647
355060 São Roque;24279;2717;26996
355070 São Sebastião;13941;3165;17106
355080 São Sebastião da Grama;1304;282;1586
355090 São Simão;2891;346;3237
355100 São Vicente;117468;14374;131842
355110 Sarapuí;384;23;407
355120 Sarutaiá;137;10;147
355130 Sebastianópolis do Sul;1442;33;1475
355140 Serra Azul;1328;201;1529
355160 Serra Negra;4739;288;5027
355150 Serrana;12031;4839;16870
355170 Sertãozinho;56589;23582;80171
355180 Sete Barras;753;17;770
355190 Severínia;2922;39;2961
355200 Silveiras;322;41;363
355210 Socorro;4526;673;5199
355220 Sorocaba;250038;55038;305076
355230 Sud Mennucci;315;24;339
355240 Sumaré;75450;20080;95530
355255 Suzanápolis;341;9;350
355250 Suzano;78296;14964;93260
355260 Tabapuã;2804;234;3038
355270 Tabatinga;2673;113;2786
355280 Taboão da Serra;76817;14834;91651
355290 Taciba;660;95;755
355300 Taguaí;188;25;213
355310 Taiaçu;1184;29;1213
355320 Taiúva;1694;154;1848
355330 Tambaú;4791;55;4846
355340 Tanabi;5178;488;5666
355350 Tapiraí;205;48;253
355360 Tapiratiba;1980;106;2086
355365 Taquaral;497;37;534
355370 Taquaritinga;13242;2801;16043
355380 Taquarituba;821;119;940
355385 Taquarivaí;99;32;131
355390 Tarabai;741;22;763
355395 Tarumã;529;21;550
355400 Tatuí;28950;11137;40087
355410 Taubaté;101010;23581;124591
355420 Tejupá;56;11;67
355430 Teodoro Sampaio;1982;84;2066
355440 Terra Roxa;1403;162;1565
355450 Tietê;12083;6252;18335
355460 Timburi;58;8;66
355465 Torre de Pedra;72;8;80
355470 Torrinha;463;31;494
355475 Trabiju;228;9;237
355480 Tremembé;8656;2483;11139
355490 Três Fronteiras;253;29;282
355495 Tuiuti;673;40;713
355500 Tupã;11549;1277;12826
355510 Tupi Paulista;1930;24;1954
355520 Turiúba;475;18;493
355530 Turmalina;107;18;125
355535 Ubarana;456;60;516
355540 Ubatuba;11238;1101;12339
355550 Ubirajara;148;9;157
355560 Uchoa;2874;188;3062
355570 União Paulista;108;8;116
355580 Urânia;627;101;728
355590 Uru;141;2;143
355600 Urupês;2280;97;2377
355610 Valentim Gentil;849;101;950
355620 Valinhos;52321;14326;66647
355630 Valparaíso;1658;391;2049
355635 Vargem;1350;56;1406
355640 Vargem Grande do Sul;8253;226;8479
355645 Vargem Grande Paulista;10170;1379;11549
355650 Várzea Paulista;43286;5709;48995
355660 Vera Cruz;1050;105;1155
355670 Vinhedo;37215;11037;48252
355680 Viradouro;6268;1379;7647
355690 Vista Alegre do Alto;941;20;961
355695 Vitória Brasil;43;5;48
355700 Votorantim;39776;7449;47225
355710 Votuporanga;24505;7328;31833
355715 Zacarias;206;29;235
350000 Município ignorado - SP;149549;586527;736076
410010 Abatiá;497;22;519
410020 Adrianópolis;79;10;89
410030 Agudos do Sul;169;18;187
410040 Almirante Tamandaré;9968;2030;11998
410045 Altamira do Paraná;136;5;141
412862 Alto Paraíso;42;2;44
410060 Alto Paraná;788;20;808
410070 Alto Piquiri;205;23;228
410050 Altônia;954;40;994
410080 Alvorada do Sul;745;19;764
410090 Amaporã;128;12;140
410100 Ampére;386;10;396
410105 Anahy;90;3;93
410110 Andirá;1350;177;1527
410115 Ângulo;112;1;113
410120 Antonina;1688;119;1807
410130 Antônio Olinto;90;2;92
410140 Apucarana;13750;692;14442
410150 Arapongas;12058;1042;13100
410160 Arapoti;3046;152;3198
410165 Arapuã;79;0;79
410170 Araruna;604;23;627
410180 Araucária;41101;10905;52006
410185 Ariranha do Ivaí;32;1;33
410190 Assaí;2753;250;3003
410200 Assis Chateaubriand;4061;81;4142
410210 Astorga;5300;90;5390
410220 Atalaia;488;40;528
410230 Balsa Nova;913;725;1638
410240 Bandeirantes;2728;44;2772
410250 Barbosa Ferraz;572;24;596
410270 Barra do Jacaré;101;12;113
410260 Barracão;488;21;509
410275 Bela Vista da Caroba;25;0;25
410280 Bela Vista do Paraíso;2816;62;2878
410290 Bituruna;278;19;297
410300 Boa Esperança;546;12;558
410302 Boa Esperança do Iguaçu;30;1;31
410304 Boa Ventura de São Roque;207;1;208
410305 Boa Vista da Aparecida;191;13;204
410310 Bocaiúva do Sul;589;47;636
410315 Bom Jesus do Sul;14;0;14
410320 Bom Sucesso;148;3;151
410322 Bom Sucesso do Sul;76;5;81
410330 Borrazópolis;246;9;255
410335 Braganey;358;20;378
410337 Brasilândia do Sul;55;5;60
410340 Cafeara;127;4;131
410345 Cafelândia;1563;687;2250
410347 Cafezal do Sul;47;1;48
410350 Califórnia;287;26;313
410360 Cambará;1963;57;2020
410370 Cambé;17009;3412;20421
410380 Cambira;348;11;359
410390 Campina da Lagoa;1177;28;1205
410395 Campina do Simão;11;0;11
410400 Campina Grande do Sul;4633;1238;5871
410405 Campo Bonito;34;7;41
410410 Campo do Tenente;119;5;124
410420 Campo Largo;19291;4496;23787
410425 Campo Magro;2392;567;2959
410430 Campo Mourão;16566;4602;21168
410440 Cândido de Abreu;211;12;223
410442 Candói;369;23;392
410445 Cantagalo;250;21;271
410450 Capanema;851;32;883
410460 Capitão Leônidas Marques;792;13;805
410465 Carambeí;9240;420;9660
410470 Carlópolis;434;23;457
410480 Cascavel;54198;4612;58810
410490 Castro;6236;1101;7337
410500 Catanduvas;369;20;389
410510 Centenário do Sul;771;33;804
410520 Cerro Azul;229;37;266
410530 Céu Azul;1535;27;1562
410540 Chopinzinho;672;18;690
410550 Cianorte;9979;338;10317
410560 Cidade Gaúcha;3640;25;3665
410570 Clevelândia;1098;35;1133
410580 Colombo;28550;7541;36091
410590 Colorado;1821;54;1875
410600 Congonhinhas;102;1;103
410610 Conselheiro Mairinck;124;2;126
410620 Contenda;1061;218;1279
410630 Corbélia;1544;142;1686
410640 Cornélio Procópio;9195;233;9428
410645 Coronel Domingos Soares;66;3;69
410650 Coronel Vivida;2593;16;2609
410655 Corumbataí do Sul;65;3;68
410680 Cruz Machado;139;17;156
410657 Cruzeiro do Iguaçu;161;4;165
410660 Cruzeiro do Oeste;1713;44;1757
410670 Cruzeiro do Sul;149;11;160
410685 Cruzmaltina;24;0;24
410690 Curitiba;827493;358086;1185579
410700 Curiúva;233;17;250
410715 Diamante D'Oeste;125;8;133
410710 Diamante do Norte;338;16;354
410712 Diamante do Sul;14;1;15
410720 Dois Vizinhos;6003;112;6115
410725 Douradina;2388;107;2495
410730 Doutor Camargo;846;55;901
412863 Doutor Ulysses;62;1;63
410740 Enéas Marques;144;9;153
410750 Engenheiro Beltrão;1265;35;1300
410753 Entre Rios do Oeste;555;116;671
410752 Esperança Nova;19;0;19
410754 Espigão Alto do Iguaçu;20;0;20
410755 Farol;148;1;149
410760 Faxinal;935;22;957
410765 Fazenda Rio Grande;8847;2874;11721
410770 Fênix;281;19;300
410773 Fernandes Pinheiro;41;3;44
410775 Figueira;402;13;415
410785 Flor da Serra do Sul;59;5;64
410780 Floraí;712;16;728
410790 Floresta;1181;171;1352
410800 Florestópolis;819;23;842
410810 Flórida;229;5;234
410820 Formosa do Oeste;273;55;328
410830 Foz do Iguaçu;36789;1798;38587
410845 Foz do Jordão;96;1;97
410832 Francisco Alves;219;5;224
410840 Francisco Beltrão;11231;330;11561
410850 General Carneiro;464;18;482
410855 Godoy Moreira;18;2;20
410860 Goioerê;4327;451;4778
410865 Goioxim;71;7;78
410870 Grandes Rios;139;15;154
410880 Guaíra;3230;81;3311
410890 Guairaçá;330;18;348
410895 Guamiranga;58;10;68
410900 Guapirama;140;2;142
410910 Guaporema;46;4;50
410920 Guaraci;396;7;403
410930 Guaraniaçu;564;27;591
410940 Guarapuava;19981;5829;25810
410950 Guaraqueçaba;133;13;146
410960 Guaratuba;2395;248;2643
410965 Honório Serpa;201;0;201
410970 Ibaiti;1527;49;1576
410975 Ibema;113;9;122
410980 Ibiporã;7509;1318;8827
410990 Icaraíma;246;33;279
411000 Iguaraçu;399;6;405
411005 Iguatu;66;278;344
411007 Imbaú;234;24;258
411010 Imbituva;673;117;790
411020 Inácio Martins;84;7;91
411030 Inajá;75;5;80
411040 Indianópolis;427;9;436
411050 Ipiranga;320;44;364
411060 Iporã;631;36;667
411065 Iracema do Oeste;48;5;53
411070 Irati;5670;665;6335
411080 Iretama;187;24;211
411090 Itaguajé;155;9;164
411095 Itaipulândia;346;9;355
411100 Itambaracá;332;12;344
411110 Itambé;1170;36;1206
411120 Itapejara d'Oeste;282;17;299
411125 Itaperuçu;842;370;1212
411130 Itaúna do Sul;83;17;100
411140 Ivaí;218;21;239
411150 Ivaiporã;2725;124;2849
411155 Ivaté;2386;15;2401
411160 Ivatuba;401;11;412
411170 Jaboti;62;9;71
411180 Jacarezinho;5115;309;5424
411190 Jaguapitã;683;45;728
411200 Jaguariaíva;3165;239;3404
411210 Jandaia do Sul;2913;139;3052
411220 Janiópolis;242;7;249
411230 Japira;49;5;54
411240 Japurá;985;17;1002
411250 Jardim Alegre;458;25;483
411260 Jardim Olinda;25;2;27
411270 Jataizinho;800;131;931
411275 Jesuítas;446;79;525
411280 Joaquim Távora;813;6;819
411290 Jundiaí do Sul;81;1;82
411295 Juranda;722;26;748
411300 Jussara;969;36;1005
411310 Kaloré;80;11;91
411320 Lapa;2797;804;3601
411325 Laranjal;25;0;25
411330 Laranjeiras do Sul;1517;231;1748
411340 Leópolis;131;4;135
411342 Lidianópolis;50;15;65
411345 Lindoeste;111;4;115
411350 Loanda;1946;60;2006
411360 Lobato;1040;7;1047
411370 Londrina;136024;27912;163936
411373 Luiziana;294;8;302
411375 Lunardelli;104;7;111
411380 Lupionópolis;339;10;349
411390 Mallet;971;19;990
411400 Mamborê;1281;48;1329
411410 Mandaguaçu;3169;103;3272
411420 Mandaguari;3988;263;4251
411430 Mandirituba;889;250;1139
411435 Manfrinópolis;66;22;88
411440 Mangueirinha;1077;35;1112
411450 Manoel Ribas;386;33;419
411460 Marechal Cândido Rondon;16489;102;16591
411470 Maria Helena;129;15;144
411480 Marialva;5951;274;6225
411490 Marilândia do Sul;368;25;393
411500 Marilena;123;4;127
411510 Mariluz;538;16;554
411520 Maringá;128598;7293;135891
411530 Mariópolis;366;75;441
411535 Maripá;514;5;519
411540 Marmeleiro;489;18;507
411545 Marquinho;22;0;22
411550 Marumbi;188;10;198
411560 Matelândia;1997;104;2101
411570 Matinhos;4290;581;4871
411573 Mato Rico;16;1;17
411575 Mauá da Serra;871;15;886
411580 Medianeira;11456;115;11571
411585 Mercedes;1241;4;1245
411590 Mirador;28;1;29
411600 Miraselva;98;5;103
411605 Missal;680;25;705
411610 Moreira Sales;928;39;967
411620 Morretes;1130;139;1269
411630 Munhoz de Melo;82;5;87
411640 Nossa Senhora das Graças;78;5;83
411650 Nova Aliança do Ivaí;38;17;55
411660 Nova América da Colina;44;4;48
411670 Nova Aurora;1015;274;1289
411680 Nova Cantu;353;1;354
411690 Nova Esperança;4053;123;4176
411695 Nova Esperança do Sudoeste;107;0;107
411700 Nova Fátima;342;14;356
411705 Nova Laranjeiras;60;3;63
411710 Nova Londrina;1514;31;1545
411720 Nova Olímpia;321;14;335
411725 Nova Prata do Iguaçu;201;8;209
411721 Nova Santa Bárbara;91;17;108
411722 Nova Santa Rosa;1467;11;1478
411727 Nova Tebas;58;5;63
411729 Novo Itacolomi;50;1;51
411730 Ortigueira;782;99;881
411740 Ourizona;575;5;580
411745 Ouro Verde do Oeste;780;4;784
411750 Paiçandu;3876;168;4044
411760 Palmas;2673;112;2785
411770 Palmeira;1898;404;2302
411780 Palmital;246;13;259
411790 Palotina;5180;95;5275
411800 Paraíso do Norte;1260;68;1328
411810 Paranacity;3232;16;3248
411820 Paranaguá;38143;11180;49323
411830 Paranapoema;135;5;140
411840 Paranavaí;12412;1897;14309
411845 Pato Bragado;535;1;536
411850 Pato Branco;13886;314;14200
411860 Paula Freitas;82;5;87
411870 Paulo Frontin;92;5;97
411880 Peabiru;1041;48;1089
411885 Perobal;90;4;94
411890 Pérola;374;10;384
411900 Pérola d'Oeste;110;5;115
411910 Piên;2372;18;2390
411915 Pinhais;30032;10160;40192
411925 Pinhal de São Bento;4;0;4
411920 Pinhalão;99;7;106
411930 Pinhão;853;23;876
411940 Piraí do Sul;1131;192;1323
411950 Piraquara;8790;2162;10952
411960 Pitanga;1405;81;1486
411965 Pitangueiras;89;2;91
411970 Planaltina do Paraná;233;7;240
411980 Planalto;170;9;179
411990 Ponta Grossa;64954;14420;79374
411995 Pontal do Paraná;1319;324;1643
412000 Porecatu;4232;143;4375
412010 Porto Amazonas;163;112;275
412015 Porto Barreiro;7;0;7
412020 Porto Rico;91;5;96
412030 Porto Vitória;42;0;42
412033 Prado Ferreira;122;10;132
412035 Pranchita;102;14;116
412040 Presidente Castelo Branco;477;5;482
412050 Primeiro de Maio;949;54;1003
412060 Prudentópolis;1117;87;1204
412065 Quarto Centenário;384;40;424
412070 Quatiguá;236;13;249
412080 Quatro Barras;6636;2316;8952
412085 Quatro Pontes;1058;2;1060
412090 Quedas do Iguaçu;1306;150;1456
412100 Querência do Norte;437;3;440
412110 Quinta do Sol;349;11;360
412120 Quitandinha;321;39;360
412125 Ramilândia;152;7;159
412130 Rancho Alegre;171;12;183
412135 Rancho Alegre D'Oeste;261;7;268
412140 Realeza;912;41;953
412150 Rebouças;245;9;254
412160 Renascença;209;6;215
412170 Reserva;410;33;443
412175 Reserva do Iguaçu;257;1;258
412180 Ribeirão Claro;389;31;420
412190 Ribeirão do Pinhal;703;35;738
412200 Rio Azul;203;179;382
412210 Rio Bom;102;6;108
412215 Rio Bonito do Iguaçu;40;3;43
412217 Rio Branco do Ivaí;32;3;35
412220 Rio Branco do Sul;3411;1800;5211
412230 Rio Negro;3558;268;3826
412240 Rolândia;8953;908;9861
412250 Roncador;432;21;453
412260 Rondon;351;11;362
412265 Rosário do Ivaí;80;7;87
412270 Sabáudia;199;20;219
412280 Salgado Filho;29;3;32
412290 Salto do Itararé;52;14;66
412300 Salto do Lontra;415;17;432
412310 Santa Amélia;151;2;153
412320 Santa Cecília do Pavão;134;5;139
412330 Santa Cruz de Monte Castelo;359;10;369
412340 Santa Fé;1232;29;1261
412350 Santa Helena;1080;38;1118
412360 Santa Inês;171;2;173
412370 Santa Isabel do Ivaí;477;25;502
412380 Santa Izabel do Oeste;1684;17;1701
412382 Santa Lúcia;87;4;91
412385 Santa Maria do Oeste;91;6;97
412390 Santa Mariana;739;23;762
412395 Santa Mônica;172;3;175
412402 Santa Tereza do Oeste;545;11;556
412405 Santa Terezinha de Itaipu;1664;58;1722
412400 Santana do Itararé;50;4;54
412410 Santo Antônio da Platina;3236;110;3346
412420 Santo Antônio do Caiuá;46;0;46
412430 Santo Antônio do Paraíso;55;4;59
412440 Santo Antônio do Sudoeste;338;16;354
412450 Santo Inácio;465;5;470
412460 São Carlos do Ivaí;270;4;274
412470 São Jerônimo da Serra;185;19;204
412480 São João;548;12;560
412490 São João do Caiuá;167;10;177
412500 São João do Ivaí;608;24;632
412510 São João do Triunfo;184;31;215
412520 São Jorge d'Oeste;212;18;230
412530 São Jorge do Ivaí;1177;13;1190
412535 São Jorge do Patrocínio;56;4;60
412540 São José da Boa Vista;80;4;84
412545 São José das Palmeiras;346;3;349
412550 São José dos Pinhais;84956;18347;103303
412555 São Manoel do Paraná;218;0;218
412560 São Mateus do Sul;6738;1807;8545
412570 São Miguel do Iguaçu;1896;78;1974
412575 São Pedro do Iguaçu;687;9;696
412580 São Pedro do Ivaí;1793;56;1849
412590 São Pedro do Paraná;226;3;229
412600 São Sebastião da Amoreira;357;23;380
412610 São Tomé;1337;6;1343
412620 Sapopema;98;17;115
412625 Sarandi;6881;634;7515
412627 Saudade do Iguaçu;75;15;90
412630 Sengés;245;16;261
412635 Serranópolis do Iguaçu;444;1;445
412640 Sertaneja;422;34;456
412650 Sertanópolis;2630;63;2693
412660 Siqueira Campos;673;21;694
412665 Sulina;36;1;37
412667 Tamarana;349;29;378
412670 Tamboara;170;23;193
412680 Tapejara;3748;37;3785
412690 Tapira;169;14;183
412700 Teixeira Soares;210;26;236
412710 Telêmaco Borba;6225;339;6564
412720 Terra Boa;1102;36;1138
412730 Terra Rica;2417;40;2457
412740 Terra Roxa;1018;19;1037
412750 Tibagi;570;40;610
412760 Tijucas do Sul;582;59;641
412770 Toledo;38120;740;38860
412780 Tomazina;252;8;260
412785 Três Barras do Paraná;179;9;188
412788 Tunas do Paraná;46;6;52
412790 Tuneiras do Oeste;361;6;367
412795 Tupãssi;826;63;889
412796 Turvo;131;20;151
412800 Ubiratã;4360;280;4640
412810 Umuarama;11944;599;12543
412820 União da Vitória;4832;162;4994
412830 Uniflor;89;1;90
412840 Uraí;880;11;891
412853 Ventania;100;1;101
412855 Vera Cruz do Oeste;729;7;736
412860 Verê;141;12;153
412865 Virmond;33;6;39
412870 Vitorino;302;6;308
412850 Wenceslau Braz;785;30;815
412880 Xambrê;106;81;187
410000 Município ignorado - PR;10190;23070;33260
420005 Abdon Batista;149;12;161
420010 Abelardo Luz;892;38;930
420020 Agrolândia;428;343;771
420030 Agronômica;242;49;291
420040 Água Doce;932;6;938
420050 Águas de Chapecó;321;23;344
420055 Águas Frias;102;1;103
420060 Águas Mornas;269;14;283
420070 Alfredo Wagner;332;9;341
420075 Alto Bela Vista;334;9;343
420080 Anchieta;547;6;553
420090 Angelina;326;14;340
420100 Anita Garibaldi;609;91;700
420110 Anitápolis;158;0;158
420120 Antônio Carlos;2339;34;2373
420125 Apiúna;774;38;812
420127 Arabutã;286;31;317
420130 Araquari;2090;247;2337
420140 Araranguá;6713;181;6894
420150 Armazém;664;18;682
420160 Arroio Trinta;648;3;651
420165 Arvoredo;84;1;85
420170 Ascurra;815;173;988
420180 Atalanta;163;12;175
420190 Aurora;277;56;333
420195 Balneário Arroio do Silva;528;8;536
420205 Balneário Barra do Sul;652;35;687
420200 Balneário Camboriú;26798;1745;28543
420207 Balneário Gaivota;338;61;399
421280 Balneário Piçarras;1682;67;1749
420208 Bandeirante;34;0;34
420209 Barra Bonita;30;0;30
420210 Barra Velha;2132;541;2673
420213 Bela Vista do Toldo;197;1;198
420215 Belmonte;88;0;88
420220 Benedito Novo;1929;496;2425
420230 Biguaçu;7478;3180;10658
420240 Blumenau;95401;20126;115527
420243 Bocaina do Sul;199;3;202
420250 Bom Jardim da Serra;373;1;374
420253 Bom Jesus;47;10;57
420257 Bom Jesus do Oeste;49;0;49
420260 Bom Retiro;757;10;767
420245 Bombinhas;1227;229;1456
420270 Botuverá;238;8;246
420280 Braço do Norte;5750;46;5796
420285 Braço do Trombudo;154;23;177
420287 Brunópolis;49;10;59
420290 Brusque;30183;2469;32652
420300 Caçador;10274;230;10504
420310 Caibi;371;16;387
420315 Calmon;136;3;139
420320 Camboriú;4512;499;5011
420330 Campo Alegre;1507;31;1538
420340 Campo Belo do Sul;757;125;882
420350 Campo Erê;699;26;725
420360 Campos Novos;4917;1386;6303
420370 Canelinha;509;167;676
420380 Canoinhas;7580;377;7957
420325 Capão Alto;19;9;28
420390 Capinzal;20536;270;20806
420395 Capivari de Baixo;3961;472;4433
420400 Catanduvas;2106;33;2139
420410 Caxambu do Sul;233;23;256
420415 Celso Ramos;215;2;217
420417 Cerro Negro;81;1;82
420419 Chapadão do Lageado;13;0;13
420420 Chapecó;34509;7204;41713
420425 Cocal do Sul;4880;80;4960
420430 Concórdia;21196;4770;25966
420435 Cordilheira Alta;117;12;129
420440 Coronel Freitas;582;18;600
420445 Coronel Martins;68;1;69
420455 Correia Pinto;3425;1552;4977
420450 Corupá;2499;283;2782
420460 Criciúma;45694;973;46667
420470 Cunha Porã;893;9;902
420475 Cunhataí;12;0;12
420480 Curitibanos;5388;702;6090
420490 Descanso;560;20;580
420500 Dionísio Cerqueira;1043;22;1065
420510 Dona Emma;146;11;157
420515 Doutor Pedrinho;238;6;244
420517 Entre Rios;57;5;62
420519 Ermo;194;0;194
420520 Erval Velho;593;15;608
420530 Faxinal dos Guedes;1121;497;1618
420535 Flor do Sertão;64;7;71
420540 Florianópolis;190755;34258;225013
420543 Formosa do Sul;714;2;716
420545 Forquilhinha;3387;26;3413
420550 Fraiburgo;4845;578;5423
420555 Frei Rogério;87;4;91
420560 Galvão;202;1;203
420570 Garopaba;1555;61;1616
420580 Garuva;1765;182;1947
420590 Gaspar;12027;4225;16252
420600 Governador Celso Ramos;905;211;1116
420610 Grão Pará;665;18;683
420620 Gravatal;1490;47;1537
420630 Guabiruba;1354;130;1484
420640 Guaraciaba;447;8;455
420650 Guaramirim;6593;635;7228
420660 Guarujá do Sul;269;6;275
420665 Guatambú;294;71;365
420670 Herval d'Oeste;6501;93;6594
420675 Ibiam;156;0;156
420680 Ibicaré;810;1;811
420690 Ibirama;1380;270;1650
420700 Içara;5929;147;6076
420710 Ilhota;1281;194;1475
420720 Imaruí;738;10;748
420730 Imbituba;4676;220;4896
420740 Imbuia;169;9;178
420750 Indaial;11644;2180;13824
420757 Iomerê;346;7;353
420760 Ipira;863;26;889
420765 Iporã do Oeste;419;7;426
420768 Ipuaçu;205;6;211
420770 Ipumirim;813;23;836
420775 Iraceminha;183;2;185
420780 Irani;1361;89;1450
420785 Irati;101;6;107
420790 Irineópolis;392;17;409
420800 Itá;1234;104;1338
420810 Itaiópolis;990;129;1119
420820 Itajaí;42377;6414;48791
420830 Itapema;6044;488;6532
420840 Itapiranga;2556;10;2566
420845 Itapoá;988;48;1036
420850 Ituporanga;1958;190;2148
420860 Jaborá;454;21;475
420870 Jacinto Machado;684;13;697
420880 Jaguaruna;2330;37;2367
420890 Jaraguá do Sul;46228;14212;60440
420895 Jardinópolis;93;1;94
420900 Joaçaba;7499;169;7668
420910 Joinville;186450;35543;221993
420915 José Boiteux;271;8;279
420917 Jupiá;43;1;44
420920 Lacerdópolis;484;6;490
420930 Lages;38879;4755;43634
420940 Laguna;10663;498;11161
420945 Lajeado Grande;39;2;41
420950 Laurentino;419;92;511
420960 Lauro Muller;1377;28;1405
420970 Lebon Régis;637;10;647
420980 Leoberto Leal;147;9;156
420985 Lindóia do Sul;622;24;646
420990 Lontras;613;91;704
421000 Luiz Alves;1053;107;1160
421003 Luzerna;905;9;914
421005 Macieira;70;0;70
421010 Mafra;6441;324;6765
421020 Major Gercino;232;22;254
421030 Major Vieira;305;7;312
421040 Maracajá;776;22;798
421050 Maravilha;2576;184;2760
421055 Marema;104;5;109
421060 Massaranduba;2082;216;2298
421070 Matos Costa;131;9;140
421080 Meleiro;504;13;517
421085 Mirim Doce;113;27;140
421090 Modelo;188;9;197
421100 Mondaí;475;14;489
421105 Monte Carlo;677;5;682
421110 Monte Castelo;448;13;461
421120 Morro da Fumaça;2389;198;2587
421125 Morro Grande;101;3;104
421130 Navegantes;8372;1242;9614
421140 Nova Erechim;213;8;221
421145 Nova Itaberaba;86;12;98
421150 Nova Trento;890;25;915
421160 Nova Veneza;1266;17;1283
421165 Novo Horizonte;124;2;126
421170 Orleans;2612;43;2655
421175 Otacílio Costa;4177;1464;5641
421180 Ouro;3890;10;3900
421185 Ouro Verde;114;4;118
421187 Paial;100;6;106
421189 Painel;166;2;168
421190 Palhoça;21569;4362;25931
421200 Palma Sola;292;4;296
421205 Palmeira;137;1;138
421210 Palmitos;918;401;1319
421220 Papanduva;997;29;1026
421223 Paraíso;95;2;97
421225 Passo de Torres;175;32;207
421227 Passos Maia;114;1;115
421230 Paulo Lopes;504;32;536
421240 Pedras Grandes;470;15;485
421250 Penha;3012;577;3589
421260 Peritiba;348;43;391
421270 Petrolândia;328;48;376
421290 Pinhalzinho;3334;46;3380
421300 Pinheiro Preto;651;10;661
421310 Piratuba;969;44;1013
421315 Planalto Alegre;94;6;100
421320 Pomerode;8068;1076;9144
421330 Ponte Alta;327;24;351
421335 Ponte Alta do Norte;137;11;148
421340 Ponte Serrada;1647;71;1718
421350 Porto Belo;1513;215;1728
421360 Porto União;3855;99;3954
421370 Pouso Redondo;543;196;739
421380 Praia Grande;775;41;816
421390 Presidente Castello Branco;121;0;121
421400 Presidente Getúlio;884;219;1103
421410 Presidente Nereu;103;3;106
421415 Princesa;23;2;25
421420 Quilombo;1021;22;1043
421430 Rancho Queimado;249;11;260
421440 Rio das Antas;1661;104;1765
421450 Rio do Campo;272;10;282
421460 Rio do Oeste;296;35;331
421480 Rio do Sul;11816;2049;13865
421470 Rio dos Cedros;1923;169;2092
421490 Rio Fortuna;313;267;580
421500 Rio Negrinho;6467;178;6645
421505 Rio Rufino;81;0;81
421507 Riqueza;114;2;116
421510 Rodeio;2045;93;2138
421520 Romelândia;225;3;228
421530 Salete;350;57;407
421535 Saltinho;200;10;210
421540 Salto Veloso;3636;238;3874
421545 Sangão;611;8;619
421550 Santa Cecília;1323;17;1340
421555 Santa Helena;65;0;65
421560 Santa Rosa de Lima;199;19;218
421565 Santa Rosa do Sul;505;28;533
421567 Santa Terezinha;54;14;68
421568 Santa Terezinha do Progresso;45;1;46
421569 Santiago do Sul;37;20;57
421570 Santo Amaro da Imperatriz;2187;195;2382
421580 São Bento do Sul;21540;337;21877
421575 São Bernardino;22;0;22
421590 São Bonifácio;188;9;197
421600 São Carlos;1788;43;1831
421605 São Cristovão do Sul;161;84;245
421610 São Domingos;733;32;765
421620 São Francisco do Sul;11293;2530;13823
421630 São João Batista;1091;49;1140
421635 São João do Itaperiú;307;28;335
421625 São João do Oeste;323;2;325
421640 São João do Sul;354;3;357
421650 São Joaquim;4448;83;4531
421660 São José;62058;12241;74299
421670 São José do Cedro;862;49;911
421680 São José do Cerrito;511;542;1053
421690 São Lourenço do Oeste;3952;161;4113
421700 São Ludgero;1091;7;1098
421710 São Martinho;328;4;332
421715 São Miguel da Boa Vista;17;1;18
421720 São Miguel do Oeste;5842;235;6077
421725 São Pedro de Alcântara;501;48;549
421730 Saudades;434;6;440
421740 Schroeder;3415;578;3993
421750 Seara;4220;34;4254
421755 Serra Alta;113;1;114
421760 Siderópolis;1347;29;1376
421770 Sombrio;1732;41;1773
421775 Sul Brasil;14;2;16
421780 Taió;1291;327;1618
421790 Tangará;1076;26;1102
421795 Tigrinhos;48;0;48
421800 Tijucas;6277;970;7247
421810 Timbé do Sul;339;1;340
421820 Timbó;7950;387;8337
421825 Timbó Grande;253;0;253
421830 Três Barras;1891;55;1946
421835 Treviso;104;2;106
421840 Treze de Maio;268;15;283
421850 Treze Tílias;768;5;773
421860 Trombudo Central;916;141;1057
421870 Tubarão;26749;3165;29914
421875 Tunápolis;223;1;224
421880 Turvo;1546;25;1571
421885 União do Oeste;123;6;129
421890 Urubici;930;28;958
421895 Urupema;479;0;479
421900 Urussanga;2255;41;2296
421910 Vargeão;171;6;177
421915 Vargem;36;2;38
421917 Vargem Bonita;1710;9;1719
421920 Vidal Ramos;235;21;256
421930 Videira;34523;1713;36236
421935 Vitor Meireles;134;2;136
421940 Witmarsum;130;1;131
421950 Xanxerê;4938;302;5240
421960 Xavantina;173;11;184
421970 Xaxim;1392;73;1465
421985 Zortéa;3018;79;3097
420000 Município ignorado - SC;17935;15904;33839
430003 Aceguá;28;11;39
430005 Água Santa;374;20;394
430010 Agudo;1105;44;1149
430020 Ajuricaba;1235;9;1244
430030 Alecrim;430;7;437
430040 Alegrete;6788;1182;7970
430045 Alegria;123;31;154
430047 Almirante Tamandaré do Sul;17;2;19
430050 Alpestre;88;22;110
430055 Alto Alegre;90;1;91
430057 Alto Feliz;434;2;436
430060 Alvorada;26520;3725;30245
430063 Amaral Ferrador;43;13;56
430064 Ametista do Sul;142;8;150
430066 André da Rocha;75;0;75
430070 Anta Gorda;742;12;754
430080 Antônio Prado;7698;27;7725
430085 Arambaré;127;37;164
430087 Araricá;122;13;135
430090 Aratiba;131;11;142
430100 Arroio do Meio;2749;95;2844
430107 Arroio do Padre;6;1;7
430105 Arroio do Sal;342;44;386
430120 Arroio do Tigre;291;17;308
430110 Arroio dos Ratos;1007;397;1404
430130 Arroio Grande;1222;45;1267
430140 Arvorezinha;576;18;594
430150 Augusto Pestana;1355;12;1367
430155 Áurea;131;3;134
430160 Bagé;7016;5742;12758
430163 Balneário Pinhal;339;197;536
430165 Barão;614;19;633
430170 Barão de Cotegipe;255;89;344
430175 Barão do Triunfo;40;4;44
430185 Barra do Guarita;348;1;349
430187 Barra do Quaraí;10;5;15
430190 Barra do Ribeiro;885;161;1046
430192 Barra do Rio Azul;26;1;27
430195 Barra Funda;36;0;36
430180 Barracão;213;5;218
430200 Barros Cassal;259;21;280
430205 Benjamin Constant do Sul;6;0;6
430210 Bento Gonçalves;40967;613;41580
430215 Boa Vista das Missões;57;2;59
430220 Boa Vista do Buricá;363;33;396
430222 Boa Vista do Cadeado;149;5;154
430223 Boa Vista do Incra;57;5;62
430225 Boa Vista do Sul;432;1;433
430230 Bom Jesus;843;66;909
430235 Bom Princípio;878;35;913
430237 Bom Progresso;75;2;77
430240 Bom Retiro do Sul;868;56;924
430245 Boqueirão do Leão;371;33;404
430250 Bossoroca;165;31;196
430258 Bozano;316;3;319
430260 Braga;186;3;189
430265 Brochier;509;17;526
430270 Butiá;2057;350;2407
430280 Caçapava do Sul;1345;110;1455
430290 Cacequi;578;24;602
430300 Cachoeira do Sul;6610;461;7071
430310 Cachoeirinha;30083;6552;36635
430320 Cacique Doble;314;0;314
430330 Caibaté;449;1;450
430340 Caiçara;97;12;109
430350 Camaquã;4560;2375;6935
430355 Camargo;161;0;161
430360 Cambará do Sul;258;6;264
430367 Campestre da Serra;535;1;536
430370 Campina das Missões;125;0;125
430380 Campinas do Sul;164;4;168
430390 Campo Bom;15686;1867;17553
430400 Campo Novo;477;13;490
430410 Campos Borges;73;2;75
430420 Candelária;1690;109;1799
430430 Cândido Godói;404;5;409
430435 Candiota;1983;347;2330
430440 Canela;6397;252;6649
430450 Canguçu;1097;95;1192
430460 Canoas;87400;16485;103885
430461 Canudos do Vale;69;2;71
430462 Capão Bonito do Sul;15;0;15
430463 Capão da Canoa;2881;461;3342
430465 Capão do Cipó;3;12;15
430466 Capão do Leão;743;167;910
430468 Capela de Santana;728;104;832
430469 Capitão;58;4;62
430467 Capivari do Sul;227;44;271
430471 Caraá;39;44;83
430470 Carazinho;8650;876;9526
430480 Carlos Barbosa;17246;43;17289
430485 Carlos Gomes;158;1;159
430490 Casca;743;29;772
430495 Caseiros;86;0;86
430500 Catuípe;1453;2;1455
430510 Caxias do Sul;275511;9847;285358
430511 Centenário;66;11;77
430512 Cerrito;459;1;460
430513 Cerro Branco;61;12;73
430515 Cerro Grande;13;3;16
430517 Cerro Grande do Sul;100;22;122
430520 Cerro Largo;1339;32;1371
430530 Chapada;210;4;214
430535 Charqueadas;5597;3540;9137
430537 Charrua;23;4;27
430540 Chiapetta;295;3;298
430543 Chuí;130;10;140
430544 Chuvisca;13;11;24
430545 Cidreira;702;179;881
430550 Ciríaco;107;2;109
430558 Colinas;354;13;367
430560 Colorado;234;1;235
430570 Condor;259;2;261
430580 Constantina;166;10;176
430583 Coqueiro Baixo;12;5;17
430585 Coqueiros do Sul;19;11;30
430587 Coronel Barros;209;1;210
430590 Coronel Bicaco;366;6;372
430593 Coronel Pilar;107;0;107
430595 Cotiporã;755;13;768
430597 Coxilha;116;2;118
430600 Crissiumal;715;301;1016
430605 Cristal;151;23;174
430607 Cristal do Sul;4;0;4
430610 Cruz Alta;5649;5882;11531
430613 Cruzaltense;4;0;4
430620 Cruzeiro do Sul;2280;100;2380
430630 David Canabarro;86;0;86
430632 Derrubadas;152;3;155
430635 Dezesseis de Novembro;22;0;22
430637 Dilermando de Aguiar;47;0;47
430640 Dois Irmãos;4285;221;4506
430642 Dois Irmãos das Missões;16;0;16
430645 Dois Lajeados;235;1;236
430650 Dom Feliciano;103;19;122
430660 Dom Pedrito;1146;97;1243
430655 Dom Pedro de Alcântara;25;0;25
430670 Dona Francisca;82;4;86
430673 Doutor Maurício Cardoso;291;243;534
430675 Doutor Ricardo;209;2;211
430676 Eldorado do Sul;5220;1327;6547
430680 Encantado;5393;272;5665
430690 Encruzilhada do Sul;1180;225;1405
430692 Engenho Velho;3;2;5
430695 Entre Rios do Sul;98;43;141
430693 Entre-Ijuís;1162;4;1166
430697 Erebango;37;4;41
430700 Erechim;19983;2654;22637
430705 Ernestina;284;1;285
430720 Erval Grande;109;12;121
430730 Erval Seco;119;3;122
430740 Esmeralda;124;22;146
430745 Esperança do Sul;89;2;91
430750 Espumoso;1474;41;1515
430755 Estação;957;3;960
430760 Estância Velha;9196;789;9985
430770 Esteio;24230;5313;29543
430780 Estrela;6824;571;7395
430781 Estrela Velha;53;4;57
430783 Eugênio de Castro;436;2;438
430786 Fagundes Varela;362;12;374
430790 Farroupilha;37088;4911;41999
430800 Faxinal do Soturno;971;5;976
430805 Faxinalzinho;20;4;24
430807 Fazenda Vilanova;196;2;198
430810 Feliz;2422;65;2487
430820 Flores da Cunha;17832;81;17913
430825 Floriano Peixoto;14;1;15
430830 Fontoura Xavier;200;4;204
430840 Formigueiro;192;4;196
430843 Forquetinha;96;1;97
430845 Fortaleza dos Valos;313;10;323
430850 Frederico Westphalen;2082;118;2200
430860 Garibaldi;19484;181;19665
430865 Garruchos;70;6;76
430870 Gaurama;633;15;648
430880 General Câmara;446;154;600
430885 Gentil;50;0;50
430890 Getúlio Vargas;1263;19;1282
430900 Giruá;1865;52;1917
430905 Glorinha;857;363;1220
430910 Gramado;8255;153;8408
430912 Gramado dos Loureiros;19;13;32
430915 Gramado Xavier;125;7;132
430920 Gravataí;54798;11428;66226
430925 Guabiju;105;5;110
430930 Guaíba;20384;6963;27347
430940 Guaporé;5634;61;5695
430950 Guarani das Missões;388;10;398
430955 Harmonia;221;13;234
430710 Herval;139;3;142
430957 Herveiras;82;12;94
430960 Horizontina;6129;5146;11275
430965 Hulha Negra;40;13;53
430970 Humaitá;254;18;272
430975 Ibarama;56;2;58
430980 Ibiaçá;170;0;170
430990 Ibiraiaras;272;1;273
430995 Ibirapuitã;668;0;668
431000 Ibirubá;2083;556;2639
431010 Igrejinha;4445;176;4621
431020 Ijuí;15784;494;16278
431030 Ilópolis;549;12;561
431033 Imbé;1217;323;1540
431036 Imigrante;387;2;389
431040 Independência;279;40;319
431041 Inhacorá;37;3;40
431043 Ipê;2310;3;2313
431046 Ipiranga do Sul;53;4;57
431050 Iraí;202;17;219
431053 Itaara;205;6;211
431055 Itacurubi;11;4;15
431057 Itapuca;178;0;178
431060 Itaqui;2476;78;2554
431065 Itati;11;3;14
431070 Itatiba do Sul;66;10;76
431075 Ivorá;52;9;61
431080 Ivoti;3169;359;3528
431085 Jaboticaba;48;2;50
431087 Jacuizinho;19;0;19
431090 Jacutinga;202;6;208
431100 Jaguarão;1376;59;1435
431110 Jaguari;673;23;696
431112 Jaquirana;113;8;121
431113 Jari;14;1;15
431115 Jóia;474;6;480
431120 Júlio de Castilhos;1225;24;1249
431123 Lagoa Bonita do Sul;6;7;13
431127 Lagoa dos Três Cantos;22;3;25
431130 Lagoa Vermelha;2525;83;2608
431125 Lagoão;42;3;45
431140 Lajeado;18782;2602;21384
431142 Lajeado do Bugre;5;10;15
431150 Lavras do Sul;182;21;203
431160 Liberato Salzano;44;16;60
431162 Lindolfo Collor;83;39;122
431164 Linha Nova;46;2;48
431171 Maçambará;8;3;11
431170 Machadinho;529;3;532
431173 Mampituba;7;5;12
431175 Manoel Viana;117;8;125
431177 Maquiné;102;18;120
431179 Maratá;178;59;237
431180 Marau;22196;505;22701
431190 Marcelino Ramos;447;30;477
431198 Mariana Pimentel;65;18;83
431200 Mariano Moro;45;11;56
431205 Marques de Souza;331;14;345
431210 Mata;91;10;101
431213 Mato Castelhano;100;4;104
431215 Mato Leitão;115;14;129
431217 Mato Queimado;14;0;14
431220 Maximiliano de Almeida;549;9;558
431225 Minas do Leão;391;66;457
431230 Miraguaí;131;2;133
431235 Montauri;189;1;190
431237 Monte Alegre dos Campos;26;0;26
431238 Monte Belo do Sul;739;1;740
431240 Montenegro;27246;3172;30418
431242 Mormaço;115;5;120
431244 Morrinhos do Sul;9;9;18
431245 Morro Redondo;180;7;187
431247 Morro Reuter;378;14;392
431250 Mostardas;323;36;359
431260 Muçum;852;24;876
431261 Muitos Capões;52;0;52
431262 Muliterno;8;1;9
431265 Não-Me-Toque;1263;26;1289
431267 Nicolau Vergueiro;117;1;118
431270 Nonoai;497;72;569
431275 Nova Alvorada;73;0;73
431280 Nova Araçá;636;16;652
431290 Nova Bassano;2372;29;2401
431295 Nova Boa Vista;6;2;8
431300 Nova Bréscia;235;11;246
431301 Nova Candelária;38;14;52
431303 Nova Esperança do Sul;43;3;46
431306 Nova Hartz;352;15;367
431308 Nova Pádua;1253;0;1253
431310 Nova Palma;421;4;425
431320 Nova Petrópolis;7060;197;7257
431330 Nova Prata;4520;122;4642
431333 Nova Ramada;119;0;119
431335 Nova Roma do Sul;1649;15;1664
431337 Nova Santa Rita;3004;1093;4097
431349 Novo Barreiro;34;5;39
431339 Novo Cabrais;18;2;20
431340 Novo Hamburgo;79890;11269;91159
431342 Novo Machado;221;10;231
431344 Novo Tiradentes;5;2;7
431350 Osório;3955;1059;5014
431360 Paim Filho;217;9;226
431365 Palmares do Sul;490;70;560
431370 Palmeira das Missões;1372;261;1633
431380 Palmitinho;552;5;557
431390 Panambi;3136;144;3280
431395 Pantano Grande;362;61;423
431400 Paraí;982;4;986
431402 Paraíso do Sul;49;8;57
431403 Pareci Novo;266;61;327
431405 Parobé;5648;275;5923
431406 Passa Sete;62;5;67
431407 Passo do Sobrado;153;31;184
431410 Passo Fundo;32214;3548;35762
431413 Paulo Bento;26;1;27
431415 Paverama;101;5;106
431417 Pedras Altas;13;1;14
431420 Pedro Osório;472;23;495
431430 Pejuçara;528;20;548
431440 Pelotas;48570;4082;52652
431442 Picada Café;587;10;597
431445 Pinhal;44;14;58
431446 Pinhal da Serra;14;0;14
431447 Pinhal Grande;50;16;66
431449 Pinheirinho do Vale;407;1;408
431450 Pinheiro Machado;638;58;696
431455 Pirapó;22;1;23
431460 Piratini;418;40;458
431470 Planalto;184;26;210
431475 Poço das Antas;51;1;52
431477 Pontão;128;5;133
431478 Ponte Preta;41;1;42
431480 Portão;8222;370;8592
431490 Porto Alegre;626864;138021;764885
431500 Porto Lucena;122;13;135
431505 Porto Mauá;179;2;181
431507 Porto Vera Cruz;5;5;10
431510 Porto Xavier;230;4;234
431513 Pouso Novo;45;4;49
431514 Presidente Lucena;43;15;58
431515 Progresso;196;31;227
431517 Protásio Alves;74;3;77
431520 Putinga;120;10;130
431530 Quaraí;647;617;1264
431531 Quatro Irmãos;16;1;17
431532 Quevedos;21;2;23
431535 Quinze de Novembro;338;3;341
431540 Redentora;304;7;311
431545 Relvado;129;3;132
431550 Restinga Seca;1148;12;1160
431555 Rio dos Índios;196;19;215
431560 Rio Grande;44098;14536;58634
431570 Rio Pardo;2425;372;2797
431575 Riozinho;29;3;32
431580 Roca Sales;2657;28;2685
431590 Rodeio Bonito;210;63;273
431595 Rolador;4;1;5
431600 Rolante;659;41;700
431610 Ronda Alta;314;30;344
431620 Rondinha;78;8;86
431630 Roque Gonzales;167;18;185
431640 Rosário do Sul;1468;247;1715
431642 Sagrada Família;8;2;10
431643 Saldanha Marinho;259;1;260
431645 Salto do Jacuí;1351;395;1746
431647 Salvador das Missões;42;2;44
431650 Salvador do Sul;903;64;967
431660 Sananduva;663;16;679
431710 Sant' Ana do Livramento;4457;5990;10447
431670 Santa Bárbara do Sul;416;35;451
431673 Santa Cecília do Sul;6;1;7
431675 Santa Clara do Sul;433;22;455
431680 Santa Cruz do Sul;24712;10390;35102
431697 Santa Margarida do Sul;1;1;2
431690 Santa Maria;54519;5488;60007
431695 Santa Maria do Herval;100;19;119
431720 Santa Rosa;10019;2608;12627
431725 Santa Tereza;235;2;237
431730 Santa Vitória do Palmar;1346;139;1485
431700 Santana da Boa Vista;83;4;87
431740 Santiago;3267;286;3553
431750 Santo Ângelo;11833;823;12656
431760 Santo Antônio da Patrulha;1888;492;2380
431770 Santo Antônio das Missões;132;6;138
431755 Santo Antônio do Palma;145;1;146
431775 Santo Antônio do Planalto;32;3;35
431780 Santo Augusto;1174;24;1198
431790 Santo Cristo;525;34;559
431795 Santo Expedito do Sul;23;0;23
431800 São Borja;2433;215;2648
431805 São Domingos do Sul;141;1;142
431810 São Francisco de Assis;1007;43;1050
431820 São Francisco de Paula;976;74;1050
431830 São Gabriel;1613;230;1843
431840 São Jerônimo;3295;788;4083
431842 São João da Urtiga;199;0;199
431843 São João do Polêsine;289;3;292
431844 São Jorge;72;3;75
431845 São José das Missões;12;0;12
431846 São José do Herval;43;0;43
431848 São José do Hortêncio;36;9;45
431849 São José do Inhacorá;217;3;220
431850 São José do Norte;501;94;595
431860 São José do Ouro;379;15;394
431861 São José do Sul;59;16;75
431862 São José dos Ausentes;49;3;52
431870 São Leopoldo;73786;8237;82023
431880 São Lourenço do Sul;3529;290;3819
431890 São Luiz Gonzaga;1838;236;2074
431900 São Marcos;11802;46;11848
431910 São Martinho;258;13;271
431912 São Martinho da Serra;32;2;34
431915 São Miguel das Missões;205;3;208
431920 São Nicolau;102;7;109
431930 São Paulo das Missões;233;87;320
431935 São Pedro da Serra;179;0;179
431937 São Pedro do Butiá;58;1;59
431940 São Pedro do Sul;875;26;901
431950 São Sebastião do Caí;2018;144;2162
431960 São Sepé;1340;50;1390
431970 São Valentim;75;3;78
431971 São Valentim do Sul;149;4;153
431973 São Valério do Sul;22;0;22
431975 São Vendelino;179;1;180
431980 São Vicente do Sul;578;16;594
431990 Sapiranga;9045;387;9432
432000 Sapucaia do Sul;27877;6757;34634
432010 Sarandi;1423;47;1470
432020 Seberi;177;2;179
432023 Sede Nova;118;1;119
432026 Segredo;76;9;85
432030 Selbach;131;6;137
432032 Senador Salgado Filho;52;1;53
432035 Sentinela do Sul;39;16;55
432040 Serafina Corrêa;8570;10;8580
432045 Sério;22;1;23
432050 Sertão;245;11;256
432055 Sertão Santana;111;22;133
432057 Sete de Setembro;20;1;21
432060 Severiano de Almeida;92;15;107
432065 Silveira Martins;148;3;151
432067 Sinimbu;382;37;419
432070 Sobradinho;2817;66;2883
432080 Soledade;1918;88;2006
432085 Tabaí;68;7;75
432090 Tapejara;985;7;992
432100 Tapera;423;24;447
432110 Tapes;907;236;1143
432120 Taquara;9379;735;10114
432130 Taquari;4115;584;4699
432132 Taquaruçu do Sul;33;13;46
432135 Tavares;70;6;76
432140 Tenente Portela;1645;26;1671
432143 Terra de Areia;206;56;262
432145 Teutônia;2446;75;2521
432146 Tio Hugo;172;0;172
432147 Tiradentes do Sul;110;9;119
432149 Toropi;27;2;29
432150 Torres;2585;607;3192
432160 Tramandaí;2907;744;3651
432162 Travesseiro;40;7;47
432163 Três Arroios;84;8;92
432166 Três Cachoeiras;152;18;170
432170 Três Coroas;2467;58;2525
432180 Três de Maio;3210;446;3656
432183 Três Forquilhas;16;8;24
432185 Três Palmeiras;177;16;193
432190 Três Passos;4154;811;4965
432195 Trindade do Sul;84;19;103
432200 Triunfo;2812;1290;4102
432210 Tucunduva;535;76;611
432215 Tunas;13;5;18
432218 Tupanci do Sul;9;0;9
432220 Tupanciretã;1345;83;1428
432225 Tupandi;446;3;449
432230 Tuparendi;861;80;941
432232 Turuçu;52;0;52
432234 Ubiretama;7;2;9
432235 União da Serra;90;0;90
432237 Unistalda;11;1;12
432240 Uruguaiana;6454;1433;7887
432250 Vacaria;7371;383;7754
432253 Vale do Sol;518;27;545
432254 Vale Real;1760;15;1775
432252 Vale Verde;29;3;32
432255 Vanini;57;0;57
432260 Venâncio Aires;7187;3754;10941
432270 Vera Cruz;2563;598;3161
432280 Veranópolis;6817;148;6965
432285 Vespasiano Correa;104;2;106
432290 Viadutos;336;19;355
432300 Viamão;32978;6288;39266
432310 Vicente Dutra;35;4;39
432320 Victor Graeff;183;6;189
432330 Vila Flores;680;3;683
432335 Vila Lângaro;6;1;7
432340 Vila Maria;314;3;317
432345 Vila Nova do Sul;48;10;58
432350 Vista Alegre;78;9;87
432360 Vista Alegre do Prata;41;0;41
432370 Vista Gaúcha;112;3;115
432375 Vitória das Missões;564;0;564
432377 Westfalia;135;0;135
432380 Xangri-lá;753;108;861
431453 Pinto Bandeira;74;0;74
430000 Município ignorado - RS;24654;7483;32137
500020 Água Clara;715;147;862
500025 Alcinópolis;114;2;116
500060 Amambai;1951;83;2034
500070 Anastácio;1958;148;2106
500080 Anaurilândia;543;4;547
500085 Angélica;454;5;459
500090 Antônio João;279;18;297
500100 Aparecida do Taboado;2418;41;2459
500110 Aquidauana;6055;147;6202
500124 Aral Moreira;358;9;367
500150 Bandeirantes;419;39;458
500190 Bataguassu;2119;30;2149
500200 Batayporã;657;7;664
500210 Bela Vista;1345;31;1376
500215 Bodoquena;520;400;920
500220 Bonito;1134;108;1242
500230 Brasilândia;667;31;698
500240 Caarapó;1342;52;1394
500260 Camapuã;1242;33;1275
500270 Campo Grande;174406;16801;191207
500280 Caracol;165;7;172
500290 Cassilândia;2007;38;2045
500295 Chapadão do Sul;1889;165;2054
500310 Corguinho;253;3;256
500315 Coronel Sapucaia;331;4;335
500320 Corumbá;14865;2053;16918
500325 Costa Rica;1525;317;1842
500330 Coxim;2917;120;3037
500345 Deodápolis;864;16;880
500348 Dois Irmãos do Buriti;287;5;292
500350 Douradina;550;8;558
500370 Dourados;37166;3259;40425
500375 Eldorado;717;40;757
500380 Fátima do Sul;2244;112;2356
500390 Figueirão;91;3;94
500400 Glória de Dourados;1058;27;1085
500410 Guia Lopes da Laguna;695;17;712
500430 Iguatemi;780;13;793
500440 Inocência;380;17;397
500450 Itaporã;1516;12;1528
500460 Itaquiraí;473;10;483
500470 Ivinhema;1420;32;1452
500480 Japorã;106;1;107
500490 Jaraguari;255;5;260
500500 Jardim;2674;79;2753
500510 Jateí;289;0;289
500515 Juti;211;8;219
500520 Ladário;2274;216;2490
500525 Laguna Carapã;249;4;253
500540 Maracaju;5350;630;5980
500560 Miranda;2047;236;2283
500568 Mundo Novo;1381;46;1427
500570 Naviraí;4256;154;4410
500580 Nioaque;784;13;797
500600 Nova Alvorada do Sul;846;7;853
500620 Nova Andradina;3808;160;3968
500625 Novo Horizonte do Sul;148;7;155
500630 Paranaíba;4583;234;4817
500635 Paranhos;196;7;203
500640 Pedro Gomes;465;13;478
500660 Ponta Porã;5674;278;5952
500690 Porto Murtinho;443;8;451
500710 Ribas do Rio Pardo;1535;55;1590
500720 Rio Brilhante;5021;63;5084
500730 Rio Negro;649;5;654
500740 Rio Verde de Mato Grosso;858;58;916
500750 Rochedo;235;17;252
500755 Santa Rita do Pardo;205;3;208
500769 São Gabriel do Oeste;3614;176;3790
500780 Selvíria;310;26;336
500770 Sete Quedas;501;8;509
500790 Sidrolândia;4672;65;4737
500793 Sonora;574;36;610
500795 Tacuru;273;5;278
500797 Taquarussu;175;4;179
500800 Terenos;870;19;889
500830 Três Lagoas;19489;995;20484
500840 Vicentina;472;9;481
500000 Município ignorado - MS;5695;2450;8145
510010 Acorizal;118;21;139
510020 Água Boa;1052;82;1134
510025 Alta Floresta;1191;273;1464
510030 Alto Araguaia;1632;91;1723
510035 Alto Boa Vista;61;7;68
510040 Alto Garças;439;48;487
510050 Alto Paraguai;254;34;288
510060 Alto Taquari;720;84;804
510080 Apiacás;20;2;22
510100 Araguaiana;40;8;48
510120 Araguainha;14;0;14
510125 Araputanga;1148;109;1257
510130 Arenápolis;556;71;627
510140 Aripuanã;301;21;322
510160 Barão de Melgaço;72;3;75
510170 Barra do Bugres;2514;115;2629
510180 Barra do Garças;7829;290;8119
510185 Bom Jesus do Araguaia;25;5;30
510190 Brasnorte;185;33;218
510250 Cáceres;6030;1100;7130
510260 Campinápolis;64;9;73
510263 Campo Novo do Parecis;3197;139;3336
510267 Campo Verde;3245;224;3469
510268 Campos de Júlio;214;20;234
510269 Canabrava do Norte;12;0;12
510270 Canarana;576;91;667
510279 Carlinda;51;2;53
510285 Castanheira;35;10;45
510300 Chapada dos Guimarães;719;162;881
510305 Cláudia;271;21;292
510310 Cocalinho;86;2;88
510320 Colíder;705;108;813
510325 Colniza;32;12;44
510330 Comodoro;351;64;415
510335 Confresa;83;12;95
510336 Conquista D'Oeste;143;1;144
510337 Cotriguaçu;32;1;33
510340 Cuiabá;139525;48952;188477
510343 Curvelândia;49;1;50
510345 Denise;989;27;1016
510350 Diamantino;1886;303;2189
510360 Dom Aquino;288;17;305
510370 Feliz Natal;130;13;143
510380 Figueirópolis D'Oeste;56;9;65
510385 Gaúcha do Norte;29;1;30
510390 General Carneiro;29;5;34
510395 Glória D'Oeste;18;0;18
510410 Guarantã do Norte;402;81;483
510420 Guiratinga;394;20;414
510450 Indiavaí;54;3;57
510452 Ipiranga do Norte;79;4;83
510454 Itanhangá;30;1;31
510455 Itaúba;69;51;120
510460 Itiquira;447;133;580
510480 Jaciara;2168;84;2252
510490 Jangada;109;65;174
510500 Jauru;250;15;265
510510 Juara;674;54;728
510515 Juína;840;116;956
510517 Juruena;67;18;85
510520 Juscimeira;825;18;843
510523 Lambari D'Oeste;51;4;55
510525 Lucas do Rio Verde;6648;330;6978
510530 Luciara;29;0;29
510558 Marcelândia;140;17;157
510560 Matupá;138;26;164
510562 Mirassol d'Oeste;3603;109;3712
510590 Nobres;568;514;1082
510600 Nortelândia;427;42;469
510610 Nossa Senhora do Livramento;77;14;91
510615 Nova Bandeirantes;22;12;34
510620 Nova Brasilândia;82;17;99
510621 Nova Canaã do Norte;78;9;87
510880 Nova Guarita;9;5;14
510618 Nova Lacerda;134;11;145
510885 Nova Marilândia;124;6;130
510890 Nova Maringá;98;8;106
510895 Nova Monte Verde;39;32;71
510622 Nova Mutum;6712;574;7286
510623 Nova Olímpia;6203;109;6312
510619 Nova Santa Helena;13;3;16
510624 Nova Ubiratã;156;6;162
510625 Nova Xavantina;882;49;931
510627 Novo Horizonte do Norte;23;1;24
510626 Novo Mundo;11;2;13
510631 Novo Santo Antônio;1;0;1
510628 Novo São Joaquim;94;11;105
510629 Paranaíta;96;19;115
510630 Paranatinga;362;61;423
510637 Pedra Preta;541;197;738
510642 Peixoto de Azevedo;170;34;204
510645 Planalto da Serra;20;2;22
510650 Poconé;1693;126;1819
510665 Pontal do Araguaia;141;8;149
510670 Ponte Branca;34;4;38
510675 Pontes e Lacerda;2598;341;2939
510677 Porto Alegre do Norte;102;642;744
510680 Porto dos Gaúchos;93;14;107
510682 Porto Esperidião;67;16;83
510685 Porto Estrela;118;1;119
510700 Poxoréo;411;46;457
510704 Primavera do Leste;4365;400;4765
510706 Querência;384;41;425
510715 Reserva do Cabaçal;36;1;37
510718 Ribeirão Cascalheira;92;23;115
510719 Ribeirãozinho;67;3;70
510720 Rio Branco;95;16;111
510757 Rondolândia;2;1;3
510760 Rondonópolis;24238;5371;29609
510770 Rosário Oeste;341;79;420
510775 Salto do Céu;15;1;16
510724 Santa Carmem;85;13;98
510774 Santa Cruz do Xingu;15;8;23
510776 Santa Rita do Trivelato;134;0;134
510777 Santa Terezinha;26;1;27
510726 Santo Afonso;52;8;60
510779 Santo Antônio do Leste;70;0;70
510780 Santo Antônio do Leverger;374;96;470
510785 São Félix do Araguaia;282;25;307
510729 São José do Povo;15;2;17
510730 São José do Rio Claro;693;82;775
510735 São José do Xingu;31;4;35
510710 São José dos Quatro Marcos;614;141;755
510740 São Pedro da Cipa;33;8;41
510787 Sapezal;3599;398;3997
510788 Serra Nova Dourada;1;0;1
510790 Sinop;9980;865;10845
510792 Sorriso;6747;736;7483
510794 Tabaporã;179;1;180
510795 Tangará da Serra;12994;1153;14147
510800 Tapurah;436;74;510
510805 Terra Nova do Norte;174;7;181
510810 Tesouro;15;1;16
510820 Torixoréu;348;6;354
510830 União do Sul;53;1;54
510835 Vale de São Domingos;2;0;2
510840 Várzea Grande;26943;11787;38730
510850 Vera;307;17;324
510550 Vila Bela da Santíssima Trindade;115;8;123
510860 Vila Rica;557;25;582
510000 Município ignorado - MT;1505;3445;4950
520005 Abadia de Goiás;521;205;726
520010 Abadiânia;197;26;223
520013 Acreúna;897;79;976
520015 Adelândia;54;2;56
520017 Água Fria de Goiás;16;0;16
520020 Água Limpa;70;17;87
520025 Águas Lindas de Goiás;2525;614;3139
520030 Alexânia;972;715;1687
520050 Aloândia;64;12;76
520055 Alto Horizonte;314;1532;1846
520060 Alto Paraíso de Goiás;138;9;147
520080 Alvorada do Norte;180;36;216
520082 Amaralina;22;1;23
520085 Americano do Brasil;631;1;632
520090 Amorinópolis;31;2;33
520110 Anápolis;39395;5902;45297
520120 Anhanguera;46;0;46
520130 Anicuns;1008;47;1055
520140 Aparecida de Goiânia;42217;8532;50749
520145 Aparecida do Rio Doce;55;13;68
520150 Aporé;84;3;87
520160 Araçu;89;7;96
520170 Aragarças;552;37;589
520180 Aragoiânia;183;35;218
520215 Araguapaz;199;6;205
520235 Arenópolis;59;3;62
520250 Aruanã;196;9;205
520260 Aurilândia;87;10;97
520280 Avelinópolis;47;5;52
520310 Baliza;25;3;28
520320 Barro Alto;906;27;933
520330 Bela Vista de Goiás;830;58;888
520340 Bom Jardim de Goiás;313;12;325
520350 Bom Jesus de Goiás;521;53;574
520355 Bonfinópolis;265;36;301
520357 Bonópolis;10;0;10
520360 Brazabrantes;131;7;138
520380 Britânia;109;22;131
520390 Buriti Alegre;330;31;361
520393 Buriti de Goiás;32;0;32
520396 Buritinópolis;37;1;38
520400 Cabeceiras;79;17;96
520410 Cachoeira Alta;247;19;266
520420 Cachoeira de Goiás;6;2;8
520425 Cachoeira Dourada;393;197;590
520430 Caçu;596;27;623
520440 Caiapônia;318;28;346
520450 Caldas Novas;5092;795;5887
520455 Caldazinha;64;6;70
520460 Campestre de Goiás;42;7;49
520465 Campinaçu;22;6;28
520470 Campinorte;413;80;493
520480 Campo Alegre de Goiás;1133;16;1149
520485 Campo Limpo de Goiás;517;5;522
520490 Campos Belos;451;45;496
520495 Campos Verdes;47;8;55
520500 Carmo do Rio Verde;123;14;137
520505 Castelândia;69;75;144
520510 Catalão;18781;8212;26993
520520 Caturaí;157;21;178
520530 Cavalcante;116;8;124
520540 Ceres;1690;157;1847
520545 Cezarina;541;195;736
520547 Chapadão do Céu;652;99;751
520549 Cidade Ocidental;23854;5419;29273
520551 Cocalzinho de Goiás;201;65;266
520552 Colinas do Sul;36;5;41
520570 Córrego do Ouro;153;1;154
520580 Corumbá de Goiás;171;80;251
520590 Corumbaíba;402;20;422
520620 Cristalina;1554;345;1899
520630 Cristianópolis;75;9;84
520640 Crixás;2599;5635;8234
520650 Cromínia;79;17;96
520660 Cumari;171;12;183
520670 Damianópolis;27;3;30
520680 Damolândia;107;9;116
520690 Davinópolis;15;2;17
520710 Diorama;19;2;21
520830 Divinópolis de Goiás;75;6;81
520725 Doverlândia;111;6;117
520735 Edealina;100;18;118
520740 Edéia;313;491;804
520750 Estrela do Norte;53;12;65
520753 Faina;51;1;52
520760 Fazenda Nova;906;17;923
520780 Firminópolis;363;43;406
520790 Flores de Goiás;27;4;31
520800 Formosa;4345;645;4990
520810 Formoso;88;13;101
520815 Gameleira de Goiás;19;0;19
520840 Goianápolis;243;18;261
520850 Goiandira;639;140;779
520860 Goianésia;3666;98;3764
520870 Goiânia;297604;80580;378184
520880 Goianira;1280;143;1423
520890 Goiás;1892;760;2652
520910 Goiatuba;1562;214;1776
520915 Gouvelândia;30;3;33
520920 Guapó;590;114;704
520929 Guaraíta;25;0;25
520940 Guarani de Goiás;15;0;15
520945 Guarinos;3;1;4
520960 Heitoraí;29;2;31
520970 Hidrolândia;595;146;741
520980 Hidrolina;100;9;109
520990 Iaciara;156;22;178
520993 Inaciolândia;62;53;115
520995 Indiara;277;36;313
521000 Inhumas;2333;366;2699
521010 Ipameri;1111;80;1191
521015 Ipiranga de Goiás;4;1;5
521020 Iporá;1533;130;1663
521030 Israelândia;29;3;32
521040 Itaberaí;783;75;858
521056 Itaguari;39;6;45
521060 Itaguaru;118;6;124
521080 Itajá;190;12;202
521090 Itapaci;423;20;443
521100 Itapirapuã;118;7;125
521120 Itapuranga;651;47;698
521130 Itarumã;82;8;90
521140 Itauçu;156;9;165
521150 Itumbiara;7605;6311;13916
521160 Ivolândia;43;2;45
521170 Jandaia;117;8;125
521180 Jaraguá;831;87;918
521190 Jataí;10046;2932;12978
521200 Jaupaci;38;1;39
521205 Jesúpolis;1;2;3
521210 Joviânia;153;26;179
521220 Jussara;541;113;654
521225 Lagoa Santa;33;6;39
521230 Leopoldo de Bulhões;138;8;146
521250 Luziânia;9547;3875;13422
521260 Mairipotaba;50;0;50
521270 Mambaí;42;7;49
521280 Mara Rosa;237;33;270
521290 Marzagão;60;11;71
521295 Matrinchã;43;2;45
521300 Maurilândia;129;53;182
521305 Mimoso de Goiás;22;0;22
521308 Minaçu;3160;1625;4785
521310 Mineiros;9943;4367;14310
521340 Moiporá;9;3;12
521350 Monte Alegre de Goiás;55;13;68
521370 Montes Claros de Goiás;153;24;177
521375 Montividiu;427;127;554
521377 Montividiu do Norte;22;8;30
521380 Morrinhos;2373;2498;4871
521385 Morro Agudo de Goiás;32;1;33
521390 Mossâmedes;36;15;51
521400 Mozarlândia;872;30;902
521405 Mundo Novo;60;4;64
521410 Mutunópolis;40;10;50
521440 Nazário;261;17;278
521450 Nerópolis;1119;134;1253
521460 Niquelândia;3034;125;3159
521470 Nova América;35;7;42
521480 Nova Aurora;66;2;68
521483 Nova Crixás;122;5;127
521486 Nova Glória;137;23;160
521487 Nova Iguaçu de Goiás;45;13;58
521490 Nova Roma;54;6;60
521500 Nova Veneza;257;35;292
521520 Novo Brasil;57;13;70
521523 Novo Gama;2008;492;2500
521525 Novo Planalto;34;8;42
521530 Orizona;682;22;704
521540 Ouro Verde de Goiás;57;3;60
521550 Ouvidor;2121;301;2422
521560 Padre Bernardo;2455;553;3008
521565 Palestina de Goiás;21;2;23
521570 Palmeiras de Goiás;592;50;642
521580 Palmelo;60;8;68
521590 Palminópolis;81;7;88
521600 Panamá;39;14;53
521630 Paranaiguara;124;9;133
521640 Paraúna;394;56;450
521645 Perolândia;106;9;115
521680 Petrolina de Goiás;233;58;291
521690 Pilar de Goiás;47;2;49
521710 Piracanjuba;760;59;819
521720 Piranhas;239;26;265
521730 Pirenópolis;555;47;602
521740 Pires do Rio;1870;103;1973
521760 Planaltina;1801;342;2143
521770 Pontalina;610;42;652
521800 Porangatu;1570;223;1793
521805 Porteirão;27;410;437
521810 Portelândia;192;37;229
521830 Posse;621;75;696
521839 Professor Jamil;69;1;70
521850 Quirinópolis;7728;113;7841
521860 Rialma;445;74;519
521870 Rianápolis;77;29;106
521878 Rio Quente;2280;182;2462
521880 Rio Verde;40017;9661;49678
521890 Rubiataba;637;28;665
521900 Sanclerlândia;256;25;281
521910 Santa Bárbara de Goiás;72;1;73
521920 Santa Cruz de Goiás;33;1;34
521925 Santa Fé de Goiás;48;8;56
521930 Santa Helena de Goiás;3442;1011;4453
521935 Santa Isabel;144;21;165
521940 Santa Rita do Araguaia;710;53;763
521945 Santa Rita do Novo Destino;5;1;6
521950 Santa Rosa de Goiás;45;1;46
521960 Santa Tereza de Goiás;73;5;78
521970 Santa Terezinha de Goiás;157;22;179
521971 Santo Antônio da Barra;49;9;58
521973 Santo Antônio de Goiás;217;18;235
521975 Santo Antônio do Descoberto;2983;305;3288
521980 São Domingos;106;25;131
521990 São Francisco de Goiás;98;13;111
522000 São João d'Aliança;148;25;173
522005 São João da Paraúna;27;5;32
522010 São Luís de Montes Belos;2083;120;2203
522015 São Luíz do Norte;56;6;62
522020 São Miguel do Araguaia;462;58;520
522026 São Miguel do Passa Quatro;21;1;22
522028 São Patrício;15;6;21
522040 São Simão;744;210;954
522045 Senador Canedo;4608;935;5543
522050 Serranópolis;208;75;283
522060 Silvânia;548;36;584
522068 Simolândia;44;6;50
522070 Sítio d'Abadia;8;3;11
522100 Taquaral de Goiás;44;2;46
522108 Teresina de Goiás;33;6;39
522119 Terezópolis de Goiás;114;17;131
522130 Três Ranchos;147;19;166
522140 Trindade;7120;2481;9601
522145 Trombas;24;4;28
522150 Turvânia;89;2;91
522155 Turvelândia;819;50;869
522157 Uirapuru;6;1;7
522160 Uruaçu;1734;122;1856
522170 Uruana;277;17;294
522180 Urutaí;110;8;118
522185 Valparaíso de Goiás;7821;1837;9658
522190 Varjão;68;3;71
522200 Vianópolis;506;50;556
522205 Vicentinópolis;113;33;146
522220 Vila Boa;34;9;43
522230 Vila Propício;34;324;358
520930 Guaraí (transf. p/TO);1;0;1
520950 Gurupi (transf. p/TO);3;0;3
521575 Palmeirópolis (transf. p/TO);3;0;3
520000 Município ignorado - GO;3456;6597;10053
530010 Brasília;642874;295219;938093
000000 Ignorado ou exterior;12273;61;12334
980000-Município ignorado - EX;44;1;45
Total;41468019;11061362;52529381
